Store,Cluster,Date,DayOfWeek_sin,DayOfWeek_cos,Month_sin,Month_cos,DayOfYear_sin,DayOfYear_cos,Sales_Lag_1,Sales_Lag_7,Sales_Lag_14,RollingMean_7,RollingMedian_7,RollingStd_7,RollingMean_30,RollingMedian_30,RollingStd_30,CompetitionDistance,Promo,Promo2,StoreType_a,StoreType_b,StoreType_c,StoreType_d,Assortment_a,Assortment_b,Assortment_c,Sales
83,0,2013-01-30,0.43388373911755823,-0.900968867902419,0.49999999999999994,0.8660254037844387,0.4937755501599772,0.869589389346611,2987.0,4483.0,2452.0,2995.8571428571427,3527.0,1395.5777093580787,3124.9666666666667,3462.5,1613.4698843846118,2710.0,0,0,1,0,0,0,1,0,0,3534
83,0,2013-01-31,-0.433883739117558,-0.9009688679024191,0.49999999999999994,0.8660254037844387,0.5086709438521044,0.8609610158889943,3534.0,4087.0,2708.0,2914.714285714286,3519.0,1336.8382742233896,3242.266666666667,3523.0,1502.55338842168,2710.0,0,0,1,0,0,0,1,0,0,3519
83,0,2013-02-01,-0.9749279121818236,-0.2225209339563146,0.8660254037844386,0.5000000000000001,0.5234156073655503,0.8520775211013093,3519.0,3962.0,3722.0,2816.285714285714,3273.0,1270.6011325727825,3214.633333333333,3458.5,1493.7943929824303,2710.0,0,0,1,0,0,0,1,0,0,3273
83,0,2013-02-02,-0.7818314824680299,0.6234898018587334,0.8660254037844386,0.5000000000000001,0.5380051715382996,0.8429415373547828,3273.0,2874.0,3398.0,2876.8571428571427,3298.0,1283.8483073130078,3222.5666666666666,3458.5,1493.5768149977594,2710.0,0,0,1,0,0,0,1,0,0,3298
83,0,2013-02-03,-2.4492935982947064e-16,1.0,0.8660254037844386,0.5000000000000001,0.5524353131676196,0.8335557718385699,3298.0,0.0,0.0,2876.8571428571427,3298.0,1283.8483073130078,3113.766666666667,3458.5,1605.1691861271056,2710.0,0,0,1,0,0,0,1,0,0,0
83,0,2013-02-04,0.7818314824680298,0.6234898018587336,0.8660254037844386,0.5000000000000001,0.5667017562911176,0.8239230057575542,0.0,3527.0,4835.0,3095.8571428571427,3298.0,1521.9121118482747,3194.133333333333,3523.0,1641.0523060720423,2710.0,1,0,1,0,0,0,1,0,0,5060
83,0,2013-02-05,0.9749279121818236,-0.22252093395631434,0.8660254037844386,0.5000000000000001,0.5808002734538009,0.8140460935082178,5060.0,2987.0,4301.0,3377.285714285714,3519.0,1673.065421542715,3359.366666666667,3530.5,1555.6867534027033,2710.0,1,0,1,0,0,0,1,0,0,4957
83,0,2013-02-06,0.43388373911755823,-0.900968867902419,0.8660254037844386,0.5000000000000001,0.5947266869607634,0.8039279618328213,4957.0,3534.0,4483.0,3555.1428571428573,3519.0,1756.5922908263242,3327.133333333333,3530.5,1513.9904735575415,2710.0,1,0,1,0,0,0,1,0,0,4779
83,0,2013-02-07,-0.433883739117558,-0.9009688679024191,0.8660254037844386,0.5000000000000001,0.6084768701151261,0.7935716089521474,4779.0,3519.0,4087.0,3548.5714285714284,3473.0,1756.8360630351797,3283.8,3523.0,1489.5875476349033,2710.0,1,0,1,0,0,0,1,0,0,3473
83,0,2013-02-08,-0.9749279121818236,-0.2225209339563146,0.8660254037844386,0.5000000000000001,0.6220467484408675,0.7829801036770629,3473.0,3273.0,3962.0,3732.1428571428573,4558.0,1790.0630741747082,3281.366666666667,3523.0,1487.3688985016074,2710.0,1,0,1,0,0,0,1,0,0,4558
83,0,2013-02-09,-0.7818314824680299,0.6234898018587334,0.8660254037844386,0.5000000000000001,0.6354323008901774,0.7721565844991642,4558.0,3298.0,2874.0,3728.1428571428573,4558.0,1791.225784071848,3247.1,3496.0,1474.9293460576573,2710.0,0,0,1,0,0,0,1,0,0,3270
83,0,2013-02-10,-2.4492935982947064e-16,1.0,0.8660254037844386,0.5000000000000001,0.6486295610349814,0.7611042586607747,3270.0,0.0,0.0,3728.1428571428573,4558.0,1791.225784071848,3087.9,3435.5,1559.5408773981724,2710.0,0,0,1,0,0,0,1,0,0,0
83,0,2013-02-11,0.7818314824680298,0.6234898018587336,0.8660254037844386,0.5000000000000001,0.6616346182422783,0.7498264012045686,0.0,5060.0,3527.0,3219.1428571428573,3473.0,1854.7923000137978,3039.3333333333335,3435.5,1586.311452076327,2710.0,0,0,1,0,0,0,1,0,0,1497
83,0,2013-02-12,0.9749279121818236,-0.22252093395631434,0.8660254037844386,0.5000000000000001,0.6744436188329455,0.7383263540031065,1497.0,4957.0,2987.0,3015.1428571428573,3473.0,1704.2143281261526,3156.9666666666667,3496.0,1480.4733046384613,2710.0,0,0,1,0,0,0,1,0,0,3529
83,0,2013-02-13,0.43388373911755823,-0.900968867902419,0.8660254037844386,0.5000000000000001,0.6870527672236669,0.7266075247685656,3529.0,4779.0,3534.0,2818.4285714285716,3402.0,1538.0544915729147,3150.4666666666667,3437.5,1478.901962975218,2710.0,0,0,1,0,0,0,1,0,0,3402
83,0,2013-02-14,-0.433883739117558,-0.9009688679024191,0.8660254037844386,0.5000000000000001,0.6994583270516471,0.7146733860429609,3402.0,3473.0,3519.0,2817.1428571428573,3402.0,1537.4197462601014,3164.9666666666667,3468.5,1479.8021881629834,2710.0,0,0,1,0,0,0,1,0,0,3464
83,0,2013-02-15,-0.9749279121818236,-0.2225209339563146,0.8660254037844386,0.5000000000000001,0.7116566222817746,0.702527474169157,3464.0,4558.0,3273.0,2649.8571428571427,3387.0,1371.1442215137233,3196.133333333333,3468.5,1474.1035553698466,2710.0,0,0,1,0,0,0,1,0,0,3387
83,0,2013-02-16,-0.7818314824680299,0.6234898018587334,0.8660254037844386,0.5000000000000001,0.7236440382959124,0.6901733882429719,3387.0,3270.0,3298.0,2621.285714285714,3387.0,1358.089799962397,3208.2,3468.5,1471.449259790473,2710.0,0,0,1,0,0,0,1,0,0,3070
83,0,2013-02-17,-2.4492935982947064e-16,1.0,0.8660254037844386,0.5000000000000001,0.7354170229639855,0.6776147890466889,3070.0,0.0,0.0,2621.285714285714,3387.0,1358.089799962397,3084.133333333333,3433.0,1579.5733324678781,2710.0,0,0,1,0,0,0,1,0,0,0
83,0,2013-02-18,0.7818314824680298,0.6234898018587336,0.8660254037844386,0.5000000000000001,0.7469720876965552,0.6648553979642865,0.0,1497.0,5060.0,3266.5714285714284,3402.0,1751.1036383895012,3171.3333333333335,3468.5,1667.2711202758076,2710.0,1,0,1,0,0,0,1,0,0,6014
83,0,2013-02-19,0.9749279121818236,-0.22252093395631434,0.8660254037844386,0.5000000000000001,0.7583058084785625,0.6518989958787126,6014.0,3529.0,4957.0,3434.8571428571427,3402.0,1835.1162023671613,3328.233333333333,3496.0,1577.6060581503366,2710.0,1,0,1,0,0,0,1,0,0,4707
83,0,2013-02-20,0.43388373911755823,-0.900968867902419,0.8660254037844386,0.5000000000000001,0.7694148268839378,0.6387494220515272,4707.0,3402.0,4779.0,3469.0,3464.0,1836.6257103721478,3288.4333333333334,3496.0,1553.1540919475226,2710.0,1,0,1,0,0,0,1,0,0,3641
83,0,2013-02-21,-0.433883739117558,-0.9009688679024191,0.8660254037844386,0.5000000000000001,0.7802958510707755,0.6254105729852463,3641.0,3464.0,3473.0,3618.714285714286,3641.0,1878.389710566447,3295.4666666666667,3496.0,1558.3665350203285,2710.0,1,0,1,0,0,0,1,0,0,4512
83,0,2013-02-22,-0.9749279121818236,-0.2225209339563146,0.8660254037844386,0.5000000000000001,0.7909456567567772,0.6118864012687243,4512.0,3387.0,4558.0,3713.714285714286,4052.0,1881.5311773735152,3281.1,3496.0,1548.999640479912,2710.0,1,0,1,0,0,0,1,0,0,4052
83,0,2013-02-23,-0.7818314824680299,0.6234898018587334,0.8660254037844386,0.5000000000000001,0.8013610881746766,0.5981809144059164,4052.0,3070.0,3270.0,3745.4285714285716,4052.0,1870.71250749929,3254.6,3468.5,1541.5193266653387,2710.0,0,0,1,0,0,0,1,0,0,3292
83,0,2013-02-24,-2.4492935982947064e-16,1.0,0.8660254037844386,0.5000000000000001,0.8115390590073611,0.5842981736283683,3292.0,0.0,0.0,3745.4285714285716,4052.0,1870.7125074992903,3122.5333333333333,3433.0,1645.0650491977374,2710.0,0,0,1,0,0,0,1,0,0,0
83,0,2013-02-25,0.7818314824680298,0.6234898018587336,0.8660254037844386,0.5000000000000001,0.8214765533024142,0.5702422926917871,0.0,6014.0,1497.0,3276.4285714285716,3641.0,1598.9743438782723,3117.766666666667,3433.0,1646.016920416935,2710.0,0,0,1,0,0,0,1,0,0,2731
83,0,2013-02-26,0.9749279121818236,-0.22252093395631434,0.8660254037844386,0.5000000000000001,0.8311706263658079,0.5560174366570446,2731.0,4707.0,3529.0,3070.4285714285716,3292.0,1471.7822367391693,3226.6,3433.0,1537.1003511987017,2710.0,0,0,1,0,0,0,1,0,0,3265
83,0,2013-02-27,0.43388373911755823,-0.900968867902419,0.8660254037844386,0.5000000000000001,0.8406184056344782,0.5416278206559814,3265.0,3641.0,3402.0,3015.5714285714284,3265.0,1454.0202723418101,3217.6,3394.5,1536.0709080256543,2710.0,0,0,1,0,0,0,1,0,0,3257
83,0,2013-02-28,-0.433883739117558,-0.9009688679024191,0.8660254037844386,0.5000000000000001,0.8498170915275278,0.5270777086423722,3257.0,4512.0,3464.0,2842.0,3265.0,1311.1104708096368,3227.9333333333334,3394.5,1535.508742681257,2710.0,0,0,1,0,0,0,1,0,0,3297
83,0,2013-03-01,-0.9749279121818236,-0.2225209339563146,1.0,6.123233995736766e-17,0.8587639582758029,0.5123714121284237,3297.0,4052.0,3387.0,2844.714285714286,3265.0,1314.0493032715979,3245.8333333333335,3394.5,1542.3146305278408,2710.0,0,0,1,0,0,0,1,0,0,4071
83,0,2013-03-02,-0.7818314824680299,0.6234898018587334,1.0,6.123233995736766e-17,0.8674563547295968,0.49751328890718066,4071.0,3292.0,3070.0,2806.4285714285716,3257.0,1302.700510112597,3229.3333333333335,3342.5,1541.9392253628687,2710.0,0,0,1,0,0,0,1,0,0,3024
83,0,2013-03-03,-2.4492935982947064e-16,1.0,1.0,6.123233995736766e-17,0.8758917051442429,0.48250774176121847,3024.0,0.0,0.0,2806.4285714285716,3257.0,1302.700510112597,3120.233333333333,3342.5,1650.6981111102625,2710.0,0,0,1,0,0,0,1,0,0,0
83,0,2013-03-04,0.7818314824680298,0.6234898018587336,1.0,6.123233995736766e-17,0.8840675099433636,0.46735921715800227,0.0,2731.0,6014.0,3284.0,3265.0,1791.507000637545,3212.766666666667,3394.5,1736.5799460996325,2710.0,1,0,1,0,0,0,1,0,0,6074
83,0,2013-03-05,0.9749279121818236,-0.22252093395631434,1.0,6.123233995736766e-17,0.8919813464595485,0.45207220393230435,6074.0,3265.0,4707.0,3504.5714285714284,3297.0,1881.5634329942081,3373.0666666666666,3433.0,1649.5641625704598,2710.0,1,0,1,0,0,0,1,0,0,4809
83,0,2013-03-06,0.43388373911755823,-0.900968867902419,1.0,6.123233995736766e-17,0.8996308696522433,0.43665123195606403,4809.0,3257.0,3641.0,3626.0,4071.0,1890.3306589060014,3341.3,3433.0,1624.95025175839,2710.0,1,0,1,0,0,0,1,0,0,4107
83,0,2013-03-07,-0.433883739117558,-0.9009688679024191,1.0,6.123233995736766e-17,0.9070138128026359,0.4211008707960896,4107.0,3297.0,4512.0,3740.1428571428573,4096.0,1891.2764145387298,3312.6,3433.0,1602.8832986108243,2710.0,1,0,1,0,0,0,1,0,0,4096
83,0,2013-03-08,-0.9749279121818236,-0.2225209339563146,1.0,6.123233995736766e-17,0.9141279881853337,0.40542572835999735,4096.0,4071.0,4052.0,3876.285714285714,4107.0,1952.3762200871793,3320.766666666667,3433.0,1611.2146988366035,2710.0,1,0,1,0,0,0,1,0,0,5024
83,0,2013-03-09,-0.7818314824680299,0.6234898018587334,1.0,6.123233995736766e-17,0.9209712877166346,0.38963044953078796,5024.0,3024.0,3292.0,3908.8571428571427,4107.0,1937.6339892225449,3313.4,3394.5,1610.9998737130454,2710.0,0,0,1,0,0,0,1,0,0,3252
83,0,2013-03-10,-2.4492935982947064e-16,1.0,1.0,6.123233995736766e-17,0.9275416835791966,0.37371971479046906,3252.0,0.0,0.0,3908.8571428571427,4107.0,1937.6339892225446,3161.4666666666667,3342.0,1701.9398209169995,2710.0,0,0,1,0,0,0,1,0,0,0
83,0,2013-03-11,0.7818314824680298,0.6234898018587336,1.0,6.123233995736766e-17,0.9338372288229252,0.35769823883312546,0.0,6074.0,2731.0,3508.8571428571427,4096.0,1689.2677337208788,3161.6,3342.0,1701.9487734906143,2710.0,0,0,1,0,0,0,1,0,0,3274
83,0,2013-03-12,0.9749279121818236,-0.22252093395631434,1.0,6.123233995736766e-17,0.9398560579418954,0.3415707691678556,3274.0,4809.0,3265.0,3144.285714285714,3274.0,1636.4667950889104,3236.8333333333335,3342.0,1604.4662252026658,2710.0,0,0,1,0,0,0,1,0,0,2257
83,0,2013-03-13,0.43388373911755823,-0.900968867902419,1.0,6.123233995736766e-17,0.9455963874271426,0.3253420847119801,2257.0,4107.0,3257.0,3043.0,3274.0,1588.1793559502862,3300.2,3392.5,1570.5647874965673,2710.0,0,0,1,0,0,0,1,0,0,3398
83,0,2013-03-14,-0.433883739117558,-0.9009688679024191,1.0,6.123233995736766e-17,0.9510565162951535,0.30901699437494745,3398.0,4096.0,3297.0,2918.5714285714284,3252.0,1524.7852151634181,3290.0666666666666,3342.0,1570.018272095151,2710.0,0,0,1,0,0,0,1,0,0,3225
83,0,2013-03-15,-0.9749279121818236,-0.2225209339563146,1.0,6.123233995736766e-17,0.9562348265919056,0.29260033563334836,3225.0,5024.0,4071.0,2668.285714285714,3252.0,1238.5072620276546,3285.733333333333,3294.5,1569.878074187958,2710.0,0,0,1,0,0,0,1,0,0,3272
83,0,2013-03-16,-0.7818314824680299,0.6234898018587334,1.0,6.123233995736766e-17,0.9611297838723007,0.27609697309746883,3272.0,3252.0,3024.0,2708.714285714286,3272.0,1265.0712383479586,3288.1,3294.5,1570.2095698038042,2710.0,0,0,1,0,0,0,1,0,0,3535
83,0,2013-03-17,-2.4492935982947064e-16,1.0,1.0,6.123233995736766e-17,0.9657399376548549,0.2595117970697999,3535.0,0.0,0.0,2708.714285714286,3272.0,1265.0712383479586,3175.2,3283.0,1680.7286268881655,2710.0,0,0,1,0,0,0,1,0,0,0
83,0,2013-03-18,0.7818314824680298,0.6234898018587336,1.0,6.123233995736766e-17,0.970063921851507,0.2428497220959356,0.0,3274.0,6074.0,3085.285714285714,3272.0,1757.7671171390245,3269.866666666667,3294.5,1753.0252025910922,2710.0,1,0,1,0,0,0,1,0,0,5910
83,0,2013-03-19,0.9749279121818236,-0.22252093395631434,1.0,6.123233995736766e-17,0.9741004551724205,0.22611568550828828,5910.0,2257.0,4809.0,3462.8571428571427,3398.0,1832.4701387809318,3433.2,3347.5,1663.8633564585516,2710.0,1,0,1,0,0,0,1,0,0,4900
83,0,2013-03-20,0.43388373911755823,-0.900968867902419,1.0,6.123233995736766e-17,0.9778483415056568,0.20931464596304847,4900.0,3398.0,4107.0,3514.285714285714,3535.0,1835.3959349675035,3358.0,3347.5,1592.6567697425885,2710.0,1,0,1,0,0,0,1,0,0,3758
83,0,2013-03-21,-0.433883739117558,-0.9009688679024191,1.0,6.123233995736766e-17,0.9813064702716093,0.19245158197082998,3758.0,3225.0,4096.0,3657.4285714285716,3758.0,1848.1033392050754,3342.0,3347.5,1581.0057034946958,2710.0,1,0,1,0,0,0,1,0,0,4227
83,0,2013-03-22,-0.9749279121818236,-0.2225209339563146,1.0,6.123233995736766e-17,0.9844738167520922,0.1755314904214282,4227.0,3272.0,5024.0,3858.8571428571427,4227.0,1875.7262085719778,3376.7,3347.5,1599.1147152139501,2710.0,1,0,1,0,0,0,1,0,0,4682
83,0,2013-03-23,-0.7818314824680299,0.6234898018587334,1.0,6.123233995736766e-17,0.9873494423939864,0.15855938510313478,4682.0,3535.0,3252.0,3837.714285714286,4227.0,1880.8122991840262,3339.2,3342.0,1584.6992622337327,2710.0,0,0,1,0,0,0,1,0,0,3387
83,0,2013-03-24,-2.4492935982947064e-16,1.0,1.0,6.123233995736766e-17,0.989932495087353,0.141540295217043,3387.0,0.0,0.0,3837.714285714286,4227.0,1880.8122991840262,3204.133333333333,3294.5,1690.9675200969966,2710.0,0,0,1,0,0,0,1,0,0,0
83,0,2013-03-25,0.7818314824680298,0.6234898018587336,1.0,6.123233995736766e-17,0.9922222094179323,0.12447926388678915,0.0,5910.0,3274.0,3784.8571428571427,4227.0,1816.9838036859712,3279.0666666666666,3342.0,1743.9735234729658,2710.0,1,0,1,0,0,0,1,0,0,5540
83,0,2013-03-26,0.9749279121818236,-0.22252093395631434,1.0,6.123233995736766e-17,0.994217906893952,0.10738134666416309,5540.0,4900.0,2257.0,3758.0,4227.0,1799.0544738834335,3436.133333333333,3392.5,1648.0164406054164,2710.0,1,0,1,0,0,0,1,0,0,4712
83,0,2013-03-27,0.43388373911755823,-0.900968867902419,1.0,6.123233995736766e-17,0.995918996147179,0.09025161003104117,4712.0,3758.0,3398.0,3840.714285714286,4337.0,1812.3158034483308,3489.6666666666665,3466.5,1650.4039282662839,2710.0,1,0,1,0,0,0,1,0,0,4337
83,0,2013-03-28,-0.433883739117558,-0.9009688679024191,1.0,6.123233995736766e-17,0.9973249731081555,0.07309512989807777,4337.0,4227.0,3225.0,3999.0,4682.0,1898.0351243676528,3558.6666666666665,3646.5,1683.6240741295262,2710.0,1,0,1,0,0,0,1,0,0,5335
83,0,2013-03-29,-0.9749279121818236,-0.2225209339563146,1.0,6.123233995736766e-17,0.9984354211555643,0.055916990100603484,5335.0,4682.0,3272.0,3330.1428571428573,4337.0,2380.7963253619873,3450.1,3646.5,1804.4257344192588,2710.0,1,0,1,0,0,0,1,0,0,0
83,0,2013-03-30,-0.7818314824680299,0.6234898018587334,1.0,6.123233995736766e-17,0.9992500112396835,0.03872228089217446,0.0,3387.0,3535.0,3413.5714285714284,4337.0,2393.3202082144417,3472.5666666666666,3864.5,1806.6483481914754,2710.0,0,0,1,0,0,0,1,0,0,3971
83,0,2013-03-31,-2.4492935982947064e-16,1.0,1.0,6.123233995736766e-17,0.9997685019798909,0.021516097436222254,3971.0,0.0,0.0,3413.5714285714284,4337.0,2393.3202082144417,3336.866666666667,3646.5,1910.0779137987033,2710.0,0,0,1,0,0,0,1,0,0,0
83,0,2013-04-01,0.7818314824680298,0.6234898018587336,0.8660254037844387,-0.49999999999999983,0.9999907397361901,0.004303538296244289,0.0,5540.0,5910.0,2622.1428571428573,3971.0,2487.104972223156,3236.0666666666666,3646.5,2004.6111142913048,2710.0,0,0,1,0,0,0,1,0,0,0
83,0,2013-04-02,0.9749279121818236,-0.22252093395631434,0.8660254037844387,-0.49999999999999983,0.9999166586547379,-0.01291029607500882,0.0,4712.0,4900.0,2495.285714285714,3824.0,2383.221049636096,3363.5333333333333,3791.0,1911.1434694756797,2710.0,0,0,1,0,0,0,1,0,0,3824
83,0,2013-04-03,0.43388373911755823,-0.900968867902419,0.8660254037844387,-0.49999999999999983,0.9995462806873573,-0.030120304846908114,3824.0,4337.0,3758.0,2287.285714285714,2881.0,2255.8247356776724,3257.1,3646.5,1842.6740192935124,2710.0,0,0,1,0,0,0,1,0,0,2881
83,0,2013-04-04,-0.433883739117558,-0.9009688679024191,0.8660254037844387,-0.49999999999999983,0.9988797155850336,-0.04732138832243185,2881.0,5335.0,4227.0,1991.4285714285713,2881.0,1896.7146909979958,3205.6,3466.5,1819.246388120546,2710.0,0,0,1,0,0,0,1,0,0,3264
83,0,2013-04-05,-0.9749279121818236,-0.2225209339563146,0.8660254037844387,-0.49999999999999983,0.9979171608653922,-0.06450844944931623,3264.0,0.0,4682.0,2514.285714285714,3264.0,1755.4603113605008,3190.7,3466.5,1813.430377622134,2710.0,0,0,1,0,0,0,1,0,0,3660
83,0,2013-04-06,-0.7818314824680299,0.6234898018587334,0.8660254037844387,-0.49999999999999983,0.9966589017541702,-0.08167639533042241,3660.0,3971.0,3387.0,2384.8571428571427,3065.0,1661.016398531477,3156.3333333333335,3392.5,1805.4339689094008,2710.0,0,0,1,0,0,0,1,0,0,3065
83,0,2013-04-07,-2.4492935982947064e-16,1.0,0.8660254037844387,-0.49999999999999983,0.9951053111006976,-0.09882013873287143,3065.0,0.0,0.0,2384.8571428571427,3065.0,1661.016398531477,2988.866666666667,3330.5,1858.4482910683066,2710.0,0,0,1,0,0,0,1,0,0,0
83,0,2013-04-08,0.7818314824680298,0.6234898018587336,0.8660254037844387,-0.49999999999999983,0.9932568492674143,-0.11593459959550041,0.0,0.0,5540.0,3230.4285714285716,3264.0,1748.8823914281998,3077.766666666667,3392.5,1933.7333675513814,2710.0,1,0,1,0,0,0,1,0,0,5919
83,0,2013-04-09,0.9749279121818236,-0.22252093395631434,0.8660254037844387,-0.49999999999999983,0.9911140639934547,-0.1330147065341959,5919.0,3824.0,4712.0,3310.4285714285716,3264.0,1792.8161141197995,3223.9,3466.5,1857.2631579641672,2710.0,1,0,1,0,0,0,1,0,0,4384
83,0,2013-04-10,0.43388373911755823,-0.900968867902419,0.8660254037844387,-0.49999999999999983,0.9886775902323405,-0.1500553983446526,4384.0,2881.0,4337.0,3527.714285714286,3660.0,1823.9958620462664,3261.5,3597.5,1869.6889239693833,2710.0,1,0,1,0,0,0,1,0,0,4402
83,0,2013-04-11,-0.433883739117558,-0.9009688679024191,0.8660254037844387,-0.49999999999999983,0.9859481499638304,-0.16705162550211924,4402.0,3264.0,5335.0,3568.1428571428573,3660.0,1820.3090789360856,3304.5,3603.5,1860.602270864148,2710.0,1,0,1,0,0,0,1,0,0,3547
83,0,2013-04-12,-0.9749279121818236,-0.2225209339563146,0.8660254037844387,-0.49999999999999983,0.9829265519799822,-0.18399835165768005,3547.0,3660.0,0.0,3654.0,4261.0,1839.4366891342934,3333.266666666667,3709.0,1868.7512690957892,2710.0,1,0,1,0,0,0,1,0,0,4261
83,0,2013-04-13,-0.7818314824680299,0.6234898018587334,0.8660254037844387,-0.49999999999999983,0.9796136916454901,-0.20089055513063506,4261.0,3065.0,3971.0,3592.5714285714284,4261.0,1869.3220568914683,3313.6,3709.0,1873.029624008598,2710.0,0,0,1,0,0,0,1,0,0,2635
83,0,2013-04-14,-2.4492935982947064e-16,1.0,0.8660254037844387,-0.49999999999999983,0.9760105506323683,-0.21772323039653177,2635.0,0.0,0.0,3592.5714285714284,4261.0,1869.3220568914687,3204.5333333333333,3709.0,1968.3732778412575,2710.0,0,0,1,0,0,0,1,0,0,0
83,0,2013-04-15,0.7818314824680298,0.6234898018587336,0.8660254037844387,-0.49999999999999983,0.9721181966290613,-0.23449138957040985,0.0,5919.0,0.0,3238.0,3547.0,1565.1451476886523,3201.266666666667,3709.0,1967.8871907206205,2710.0,0,0,1,0,0,0,1,0,0,3437
83,0,2013-04-16,0.9749279121818236,-0.22252093395631434,0.8660254037844387,-0.49999999999999983,0.9679377830240642,-0.25119006388481935,3437.0,4384.0,3824.0,3007.4285714285716,3437.0,1485.0163699594766,3293.6,3709.0,1875.3109093951725,2710.0,0,0,1,0,0,0,1,0,0,2770
83,0,2013-04-17,0.43388373911755823,-0.900968867902419,0.8660254037844387,-0.49999999999999983,0.9634705485641488,-0.2678143051621742,2770.0,4402.0,2881.0,2810.0,3020.0,1354.8753940246077,3197.266666666667,3603.5,1809.3420776688374,2710.0,0,0,1,0,0,0,1,0,0,3020
83,0,2013-04-18,-0.433883739117558,-0.9009688679024191,0.8660254037844387,-0.49999999999999983,0.9587178169872964,-0.2843591872810034,3020.0,3547.0,3264.0,2756.285714285714,3020.0,1327.973357449328,3139.633333333333,3492.0,1780.542197223068,2710.0,0,0,1,0,0,0,1,0,0,3171
83,0,2013-04-19,-0.9749279121818236,-0.2225209339563146,0.8660254037844387,-0.49999999999999983,0.9536809966304457,-0.30081980763566735,3171.0,4261.0,3660.0,2650.285714285714,3020.0,1212.4352510939468,3131.6666666666665,3478.0,1778.2131933262492,2710.0,0,0,1,0,0,0,1,0,0,3519
83,0,2013-04-20,-0.7818314824680299,0.6234898018587334,0.8660254037844387,-0.49999999999999983,0.9483615800121715,-0.3171912885891061,3519.0,2635.0,3065.0,2673.5714285714284,3020.0,1213.6574004694608,3084.0333333333333,3412.0,1766.964404210544,2710.0,0,0,1,0,0,0,1,0,0,2798
83,0,2013-04-21,-2.4492935982947064e-16,1.0,0.8660254037844387,-0.49999999999999983,0.9427611433904207,-0.3334687789181868,2798.0,0.0,0.0,2673.5714285714284,3020.0,1213.6574004694608,2927.9666666666667,3325.5,1826.7154711787148,2710.0,0,0,1,0,0,0,1,0,0,0
83,0,2013-04-22,0.7818314824680298,0.6234898018587336,0.8660254037844387,-0.49999999999999983,0.9368813462954315,-0.3496474552512284,0.0,3437.0,5919.0,2915.5714285714284,3020.0,1521.1820904746921,2986.1,3350.5,1869.0865618964963,2710.0,1,0,1,0,0,0,1,0,0,5131
83,0,2013-04-23,0.9749279121818236,-0.22252093395631434,0.8660254037844387,-0.49999999999999983,0.9307239310379795,-0.36572252349726897,5131.0,2770.0,4384.0,3252.1428571428573,3171.0,1729.9234499992024,3156.9666666666667,3478.0,1820.3596553188713,2710.0,1,0,1,0,0,0,1,0,0,5126
83,0,2013-04-24,0.43388373911755823,-0.900968867902419,0.8660254037844387,-0.49999999999999983,0.9242907221930934,-0.3816892202666588,5126.0,3020.0,4402.0,3321.285714285714,3504.0,1728.7706339367014,3089.1,3470.5,1765.5806576366558,2710.0,1,0,1,0,0,0,1,0,0,3504
83,0,2013-04-25,-0.433883739117558,-0.9009688679024191,0.8660254037844387,-0.49999999999999983,0.9175836260593937,-0.39754281428255595,3504.0,3171.0,3547.0,3432.5714285714284,3519.0,1742.5025927424854,3063.7,3470.5,1746.8095676166984,2710.0,1,0,1,0,0,0,1,0,0,3950
83,0,2013-04-26,-0.9749279121818236,-0.2225209339563146,0.8660254037844387,-0.49999999999999983,0.9106046300942163,-0.4132786077829042,3950.0,3519.0,4261.0,3509.8571428571427,3950.0,1758.8953378537929,3054.4666666666667,3470.5,1740.5679757369187,2710.0,1,0,1,0,0,0,1,0,0,4060
83,0,2013-04-27,-0.7818314824680299,0.6234898018587334,0.8660254037844387,-0.49999999999999983,0.9033558023246845,-0.4288919379124835,4060.0,2798.0,2635.0,3525.714285714286,3950.0,1751.89447116407,2973.6,3350.5,1686.4763837965368,2710.0,0,0,1,0,0,0,1,0,0,2909
83,0,2013-04-28,-2.4492935982947064e-16,1.0,0.8660254037844387,-0.49999999999999983,0.895839290734909,-0.4443781781046132,2909.0,0.0,0.0,3525.714285714286,3950.0,1751.8944711640702,2973.6,3350.5,1686.4763837965368,2710.0,0,0,1,0,0,0,1,0,0,0
83,0,2013-04-29,0.7818314824680298,0.6234898018587336,0.8660254037844387,-0.49999999999999983,0.8880573226294932,-0.45973273945210397,0.0,5131.0,3437.0,3548.0,3950.0,1776.53755003002,3017.4666666666667,3350.5,1729.8710283465177,2710.0,1,0,1,0,0,0,1,0,0,5287
83,0,2013-04-30,0.9749279121818236,-0.22252093395631434,0.8660254037844387,-0.49999999999999983,0.8800122039735357,-0.47495107206704995,5287.0,5126.0,2770.0,3588.0,3950.0,1820.5948661541001,3197.6666666666665,3470.5,1685.71058041395,2710.0,1,0,1,0,0,0,1,0,0,5406
83,0,2013-05-01,0.43388373911755823,-0.900968867902419,0.49999999999999994,-0.8660254037844387,0.8717063187093218,-0.49002866642905923,5406.0,3504.0,3020.0,3087.4285714285716,3950.0,2273.033205296604,3197.6666666666665,3470.5,1685.71058041395,2710.0,1,0,1,0,0,0,1,0,0,0
83,0,2013-05-02,-0.433883739117558,-0.9009688679024191,0.49999999999999994,-0.8660254037844387,0.8631421280499114,-0.5049610547215204,0.0,3950.0,3171.0,3184.714285714286,4060.0,2329.9646430998127,3224.5666666666666,3470.5,1702.4062824645323,2710.0,1,0,1,0,0,0,1,0,0,4631
83,0,2013-05-03,-0.9749279121818236,-0.2225209339563146,0.49999999999999994,-0.8660254037844387,0.854322169749827,-0.5197438121555155,4631.0,4060.0,3519.0,3237.1428571428573,4427.0,2356.9160237176766,3276.1,3511.5,1715.0003991152635,2710.0,1,0,1,0,0,0,1,0,0,4427
83,0,2013-05-04,-0.7818314824680299,0.6234898018587334,0.49999999999999994,-0.8660254037844387,0.8452490573530633,-0.5343725582809787,4427.0,2909.0,2798.0,3291.8571428571427,4427.0,2352.470150612715,3277.0333333333333,3511.5,1715.001206058353,2710.0,0,0,1,0,0,0,1,0,0,3292
83,0,2013-05-05,-2.4492935982947064e-16,1.0,0.49999999999999994,-0.8660254037844387,0.835925479418637,-0.548842958284719,3292.0,0.0,0.0,3291.8571428571427,4427.0,2352.470150612715,3155.0333333333333,3470.5,1814.134247462433,2710.0,0,0,1,0,0,0,1,0,0,0
83,0,2013-05-06,0.7818314824680298,0.6234898018587336,0.49999999999999994,-0.8660254037844387,0.8263541987239096,-0.5631507242749186,0.0,5287.0,5131.0,3095.0,3909.0,2211.0968620423064,3183.1666666666665,3511.5,1819.2270447170363,2710.0,0,0,1,0,0,0,1,0,0,3909
83,0,2013-05-07,0.9749279121818236,-0.22252093395631434,0.49999999999999994,-0.8660254037844387,0.8165380514459161,-0.5772916165517272,3909.0,5406.0,5126.0,2797.285714285714,3322.0,1975.8570894918591,3293.9,3511.5,1717.0232129453289,2710.0,0,0,1,0,0,0,1,0,0,3322
83,0,2013-05-08,0.43388373911755823,-0.900968867902419,0.49999999999999994,-0.8660254037844387,0.8064799463209448,-0.5912614448635781,3322.0,0.0,3504.0,3353.1428571428573,3891.0,1561.6567515058514,3226.3,3511.5,1648.6690379065535,2710.0,0,0,1,0,0,0,1,0,0,3891
83,0,2013-05-09,-0.433883739117558,-0.9009688679024191,0.49999999999999994,-0.8660254037844387,0.7961828637826158,-0.6050560696488488,3891.0,4631.0,3950.0,2691.5714285714284,3322.0,1878.8090959561653,3080.1666666666665,3470.5,1734.5701262815817,2710.0,0,0,1,0,0,0,1,0,0,0
83,0,2013-05-10,-0.9749279121818236,-0.2225209339563146,0.49999999999999994,-0.8660254037844387,0.7856498550787145,-0.6186714032625031,0.0,4427.0,4060.0,2666.5714285714284,3322.0,1852.853282295792,3075.1666666666665,3470.5,1730.8406584828854,2710.0,0,0,1,0,0,0,1,0,0,4252
83,0,2013-05-11,-0.7818314824680299,0.6234898018587334,0.49999999999999994,-0.8660254037844387,0.7748840413670407,-0.6321034111873487,4252.0,3292.0,2909.0,2683.285714285714,3409.0,1859.949615292999,3070.5666666666666,3423.0,1729.7264619971938,2710.0,0,0,1,0,0,0,1,0,0,3409
83,0,2013-05-12,-2.4492935982947064e-16,1.0,0.49999999999999994,-0.8660254037844387,0.7638886127905428,-0.6453481132295501,3409.0,0.0,0.0,2683.285714285714,3409.0,1859.949615292999,2928.5333333333333,3365.5,1802.0361995164837,2710.0,0,0,1,0,0,0,1,0,0,0
83,0,2013-05-13,0.7818314824680298,0.6234898018587336,0.49999999999999994,-0.8660254037844387,0.7526668275320084,-0.6584015846980488,0.0,3909.0,5287.0,2871.4285714285716,3409.0,2060.4090093266163,3014.9,3423.0,1848.96163496872,2710.0,1,0,1,0,0,0,1,0,0,5226
83,0,2013-05-14,0.9749279121818236,-0.22252093395631434,0.49999999999999994,-0.8660254037844387,0.741222010848596,-0.6712599575675313,5226.0,3322.0,5406.0,3031.714285714286,3891.0,2143.2777634801732,3163.0333333333333,3470.5,1775.6544686267143,2710.0,1,0,1,0,0,0,1,0,0,4444
83,0,2013-05-15,0.43388373911755823,-0.900968867902419,0.49999999999999994,-0.8660254037844387,0.7295575540864875,-0.6839194216246106,4444.0,3891.0,0.0,3056.4285714285716,4064.0,2155.7985262343714,3183.9333333333334,3511.5,1782.6664826898336,2710.0,1,0,1,0,0,0,1,0,0,4064
83,0,2013-05-16,-0.433883739117558,-0.9009688679024191,0.49999999999999994,-0.8660254037844387,0.717676913675962,-0.6963762255968722,4064.0,0.0,4631.0,3655.0,4190.0,1699.0202078452935,3231.266666666667,3705.0,1790.133012459925,2710.0,1,0,1,0,0,0,1,0,0,4190
83,0,2013-05-17,-0.9749279121818236,-0.2225209339563146,0.49999999999999994,-0.8660254037844387,0.705583610107178,-0.7086266782644596,4190.0,4252.0,4427.0,3657.4285714285716,4190.0,1700.0276328286402,3272.9,3900.0,1799.549433071779,2710.0,1,0,1,0,0,0,1,0,0,4269
83,0,2013-05-18,-0.7818314824680299,0.6234898018587334,0.49999999999999994,-0.8660254037844387,0.6932812268869777,-0.7206671495538609,4269.0,3409.0,3292.0,3618.5714285714284,4190.0,1709.7331036493044,3271.766666666667,3900.0,1799.626526069598,2710.0,0,0,1,0,0,0,1,0,0,3137
83,0,2013-05-19,-2.4492935982947064e-16,1.0,0.49999999999999994,-0.8660254037844387,0.6807734094770161,-0.7324940716135789,3137.0,0.0,0.0,3618.5714285714284,4190.0,1709.7331036493044,3154.4666666666667,3900.0,1895.1077438814755,2710.0,0,0,1,0,0,0,1,0,0,0
83,0,2013-05-20,0.7818314824680298,0.6234898018587336,0.49999999999999994,-0.8660254037844387,0.6680638642135335,-0.7441039398713607,0.0,5226.0,3909.0,2872.0,4064.0,2006.147801135301,3061.2,3900.0,1980.196775314391,2710.0,0,0,1,0,0,0,1,0,0,0
83,0,2013-05-21,0.9749279121818236,-0.22252093395631434,0.49999999999999994,-0.8660254037844387,0.6551563572090853,-0.7554933140726803,0.0,4444.0,3322.0,2824.0,4064.0,1965.8822446932074,3198.133333333333,3929.5,1901.6918190686524,2710.0,0,0,1,0,0,0,1,0,0,4108
83,0,2013-05-22,0.43388373911755823,-0.900968867902419,0.49999999999999994,-0.8660254037844387,0.6420547132365637,-0.766658819300159,4108.0,4064.0,3891.0,2721.1428571428573,3344.0,1908.1797983568392,3138.5666666666666,3900.0,1866.7266146983025,2710.0,0,0,1,0,0,0,1,0,0,3344
83,0,2013-05-23,-0.433883739117558,-0.9009688679024191,0.49999999999999994,-0.8660254037844387,0.6287628145958344,-0.777597146973627,3344.0,4190.0,0.0,2600.714285714286,3344.0,1824.8075436682568,3079.266666666667,3697.5,1829.2964340636968,2710.0,0,0,1,0,0,0,1,0,0,3347
83,0,2013-05-24,-0.9749279121818236,-0.2225209339563146,0.49999999999999994,-0.8660254037844387,0.6152845999633276,-0.7883050558305255,3347.0,4269.0,4252.0,2473.8571428571427,3344.0,1717.1951382580692,3075.1666666666665,3650.0,1828.4492974466996,2710.0,0,0,1,0,0,0,1,0,0,3381
83,0,2013-05-25,-0.7818314824680299,0.6234898018587334,0.49999999999999994,-0.8660254037844387,0.6016240632249226,-0.7987793728863649,3381.0,3137.0,3409.0,2565.285714285714,3347.0,1774.4700349010998,3069.4,3593.0,1825.8660410884463,2710.0,0,0,1,0,0,0,1,0,0,3777
83,0,2013-05-26,-2.4492935982947064e-16,1.0,0.49999999999999994,-0.8660254037844387,0.5877852522924732,-0.8090169943749473,3777.0,0.0,0.0,2565.285714285714,3347.0,1774.4700349010998,2934.0666666666666,3395.0,1898.9134085927483,2710.0,0,0,1,0,0,0,1,0,0,0
83,0,2013-05-27,0.7818314824680298,0.6234898018587336,0.49999999999999994,-0.8660254037844387,0.5737722679043246,-0.8190148866680801,0.0,0.0,5226.0,3350.5714285714284,3381.0,1662.8292012052686,3020.3333333333335,3593.0,1955.6728506707277,2710.0,1,0,1,0,0,0,1,0,0,5497
83,0,2013-05-28,0.9749279121818236,-0.22252093395631434,0.49999999999999994,-0.8660254037844387,0.5595892624101765,-0.8287700871745037,5497.0,4108.0,4444.0,3434.714285714286,3381.0,1721.4149910549081,3176.9,3834.0,1892.530113640065,2710.0,1,0,1,0,0,0,1,0,0,4697
83,0,2013-05-29,0.43388373911755823,-0.900968867902419,0.49999999999999994,-0.8660254037844387,0.545240438540651,-0.8382797052177743,4697.0,3344.0,4064.0,3618.285714285714,3777.0,1777.7240800422042,3154.9666666666667,3834.0,1870.9215594484956,2710.0,1,0,1,0,0,0,1,0,0,4629
83,0,2013-05-30,-0.433883739117558,-0.9009688679024191,0.49999999999999994,-0.8660254037844387,0.5307300481619334,-0.8475409228928311,4629.0,3347.0,4190.0,3140.1428571428573,3777.0,2250.18032081664,2974.766666666667,3593.0,1906.636136621579,2710.0,1,0,1,0,0,0,1,0,0,0
83,0,2013-05-31,-0.9749279121818236,-0.2225209339563146,0.49999999999999994,-0.8660254037844387,0.5160623910158528,-0.8565509959010036,0.0,3381.0,4269.0,3494.285714285714,4629.0,2477.9547826306075,3170.1,3834.0,1891.4805430740178,2710.0,1,0,1,0,0,0,1,0,0,5860
83,0,2013-06-01,-0.7818314824680299,0.6234898018587334,1.2246467991473532e-16,-1.0,0.5012418134457758,-0.865307254363206,5860.0,3777.0,3137.0,3400.714285714286,4629.0,2477.866670766455,3119.8,3593.0,1871.2474430452653,2710.0,0,0,1,0,0,0,1,0,0,3122
83,0,2013-06-02,-2.4492935982947064e-16,1.0,1.2246467991473532e-16,-1.0,0.48627270710869,-0.8738071036110808,3122.0,0.0,0.0,3400.714285714286,4629.0,2477.866670766455,2972.233333333333,3395.0,1937.9739275021623,2710.0,0,0,1,0,0,0,1,0,0,0
83,0,2013-06-03,0.7818314824680298,0.6234898018587336,1.2246467991473532e-16,-1.0,0.4711595076738638,-0.8820480249558537,0.0,5497.0,0.0,3365.5714285714284,4629.0,2444.703039712789,3037.5333333333333,3593.0,1981.6324641538604,2710.0,1,0,1,0,0,0,1,0,0,5251
83,0,2013-06-04,0.9749279121818236,-0.22252093395631434,1.2246467991473532e-16,-1.0,0.4559066935084588,-0.8900275764346767,5251.0,4697.0,4108.0,3275.5714285714284,4067.0,2398.6815029054924,3173.1,3834.0,1904.2691846443877,2710.0,1,0,1,0,0,0,1,0,0,4067
83,0,2013-06-05,0.43388373911755823,-0.900968867902419,1.2246467991473532e-16,-1.0,0.440518784350495,-0.8977433935342337,4067.0,4629.0,3344.0,3118.5714285714284,3530.0,2330.3240015888246,3160.4666666666667,3653.5,1900.4721143629702,2710.0,1,0,1,0,0,0,1,0,0,3530
83,0,2013-06-06,-0.433883739117558,-0.9009688679024191,1.2246467991473532e-16,-1.0,0.42500033996955416,-0.9051931898913974,3530.0,0.0,3347.0,3732.285714285714,4067.0,1897.6649435807246,3192.9333333333334,3834.0,1911.613814218928,2710.0,1,0,1,0,0,0,1,0,0,4296
83,0,2013-06-07,-0.9749279121818236,-0.2225209339563146,1.2246467991473532e-16,-1.0,0.4093559588156213,-0.9123747579707273,4296.0,5860.0,3381.0,3467.5714285714284,4007.0,1666.5622157746218,3196.8,3892.0,1913.1911669719009,2710.0,1,0,1,0,0,0,1,0,0,4007
83,0,2013-06-08,-0.7818314824680299,0.6234898018587334,1.2246467991473532e-16,-1.0,0.39359027665646673,-0.9192859697186104,4007.0,3122.0,3777.0,3474.285714285714,4007.0,1665.031903026256,3302.4333333333334,3892.0,1815.5953081533614,2710.0,0,0,1,0,0,0,1,0,0,3169
83,0,2013-06-09,-2.4492935982947064e-16,1.0,1.2246467991473532e-16,-1.0,0.3777079652039649,-0.9259247771938498,3169.0,0.0,0.0,3474.285714285714,4007.0,1665.0319030262563,3160.7,3653.5,1902.7832817326762,2710.0,0,0,1,0,0,0,1,0,0,0
83,0,2013-06-10,0.7818314824680298,0.6234898018587336,1.2246467991473532e-16,-1.0,0.36171373072976765,-0.9322892131745133,0.0,5251.0,5497.0,3274.285714285714,3851.0,1491.039202959434,3175.4333333333334,3814.0,1906.479797831654,2710.0,0,0,1,0,0,0,1,0,0,3851
83,0,2013-06-11,0.9749279121818236,-0.22252093395631434,1.2246467991473532e-16,-1.0,0.3456123126707335,-0.9383773917408641,3851.0,4067.0,4697.0,3177.5714285714284,3530.0,1452.5096508162299,3288.4333333333334,3814.0,1809.790265679181,2710.0,0,0,1,0,0,0,1,0,0,3390
83,0,2013-06-12,0.43388373911755823,-0.900968867902419,1.2246467991473532e-16,-1.0,0.3294084822245304,-0.9441875088341993,3390.0,3530.0,4629.0,3092.1428571428573,3390.0,1445.8975791956395,3211.9666666666667,3653.5,1773.1945550009596,2710.0,0,0,1,0,0,0,1,0,0,2932
83,0,2013-06-13,-0.433883739117558,-0.9009688679024191,1.2246467991473532e-16,-1.0,0.3131070409358269,-0.9497178427914316,2932.0,4296.0,0.0,2872.714285714286,3169.0,1345.8407179511403,3155.8333333333335,3460.0,1759.4492493162552,2710.0,0,0,1,0,0,0,1,0,0,2760
83,0,2013-06-14,-0.9749279121818236,-0.2225209339563146,1.2246467991473532e-16,-1.0,0.29671281927349075,-0.9549667548552551,2760.0,4007.0,5860.0,2773.714285714286,3169.0,1271.9568538654294,3130.8333333333335,3385.5,1751.4101527022447,2710.0,0,0,1,0,0,0,1,0,0,3314
83,0,2013-06-15,-0.7818314824680299,0.6234898018587334,1.2246467991473532e-16,-1.0,0.28023067519921585,-0.9599326896597447,3314.0,3169.0,3122.0,2725.0,2932.0,1260.7755549660708,3085.4333333333334,3364.0,1740.6273875527884,2710.0,0,0,1,0,0,0,1,0,0,2828
83,0,2013-06-16,-2.4492935982947064e-16,1.0,1.2246467991473532e-16,-1.0,0.26366549272800704,-0.9646141756912435,2828.0,0.0,0.0,2725.0,2932.0,1260.7755549660708,2943.133333333333,3345.5,1813.5060106254698,2710.0,0,0,1,0,0,0,1,0,0,0
83,0,2013-06-17,0.7818314824680298,0.6234898018587336,1.2246467991473532e-16,-1.0,0.24702218048093552,-0.9690098257244062,0.0,3851.0,5251.0,2853.714285714286,2932.0,1429.581024203213,2996.9666666666667,3364.0,1843.1868108089925,2710.0,1,0,1,0,0,0,1,0,0,4752
83,0,2013-06-18,0.9749279121818236,-0.22252093395631434,1.2246467991473532e-16,-1.0,0.23030567023061221,-0.9731183372332619,4752.0,3390.0,4067.0,3000.714285714286,2932.0,1542.3718438696637,3144.266666666667,3385.5,1770.5662630791362,2710.0,1,0,1,0,0,0,1,0,0,4419
83,0,2013-06-19,0.43388373911755823,-0.900968867902419,1.2246467991473532e-16,-1.0,0.21352091543979612,-0.9769384927771817,4419.0,2932.0,3530.0,3145.285714285714,3314.0,1581.7830355104243,3275.733333333333,3460.0,1672.7728154038184,2710.0,1,0,1,0,0,0,1,0,0,3944
83,0,2013-06-20,-0.433883739117558,-0.9009688679024191,1.2246467991473532e-16,-1.0,0.19667288979357647,-0.980469160361632,3944.0,2760.0,4296.0,3276.285714285714,3677.0,1582.52822136876,3261.366666666667,3460.0,1667.21999630881,2710.0,1,0,1,0,0,0,1,0,0,3677
83,0,2013-06-21,-0.9749279121818236,-0.2225209339563146,1.2246467991473532e-16,-1.0,0.1797665857255624,-0.9837092937736097,3677.0,3314.0,4007.0,3394.4285714285716,3944.0,1616.3218385316347,3287.9333333333334,3603.5,1674.914365970191,2710.0,1,0,1,0,0,0,1,0,0,4141
83,0,2013-06-22,-0.7818314824680299,0.6234898018587334,1.2246467991473532e-16,-1.0,0.16280701293851715,-0.986657932891657,4141.0,2828.0,3169.0,3385.0,3944.0,1620.364156601842,3268.4333333333334,3603.5,1677.6062109000934,2710.0,0,0,1,0,0,0,1,0,0,2762
83,0,2013-06-23,-2.4492935982947064e-16,1.0,1.2246467991473532e-16,-1.0,0.1457991969198751,-0.9893142039703663,2762.0,0.0,0.0,3385.0,3944.0,1620.364156601842,3155.733333333333,3603.5,1780.2117451222646,2710.0,0,0,1,0,0,0,1,0,0,0
83,0,2013-06-24,0.7818314824680298,0.6234898018587336,1.2246467991473532e-16,-1.0,0.12874817745258132,-0.99167731989929,0.0,4752.0,3851.0,3244.714285714286,3770.0,1521.8002184130166,3155.5,3603.5,1780.1279642108627,2710.0,0,0,1,0,0,0,1,0,0,3770
83,0,2013-06-25,0.9749279121818236,-0.22252093395631434,1.2246467991473532e-16,-1.0,0.11165900712169512,-0.993746580436178,3770.0,4419.0,3390.0,3055.714285714286,3677.0,1431.1054834504362,3258.7,3603.5,1677.6796815223986,2710.0,0,0,1,0,0,0,1,0,0,3096
83,0,2013-06-26,0.43388373911755823,-0.900968867902419,1.2246467991473532e-16,-1.0,0.09453674981719912,-0.9955213724144752,3096.0,3944.0,2932.0,2931.5714285714284,3096.0,1377.9101152521846,3177.9666666666667,3460.0,1623.6600519714125,2710.0,0,0,1,0,0,0,1,0,0,3075
83,0,2013-06-27,-0.433883739117558,-0.9009688679024191,1.2246467991473532e-16,-1.0,0.07738647923346301,-0.9970011699250151,3075.0,3677.0,2760.0,2802.0,3075.0,1338.2038957747322,3113.733333333333,3352.0,1599.4296814011927,2710.0,0,0,1,0,0,0,1,0,0,2770
83,0,2013-06-28,-0.9749279121818236,-0.2225209339563146,1.2246467991473532e-16,-1.0,0.06021327736579302,-0.9981855344718586,2770.0,4141.0,3314.0,2749.5714285714284,3075.0,1283.0536306201793,3085.233333333333,3352.0,1578.9852193698648,2710.0,0,0,1,0,0,0,1,0,0,3774
83,0,2013-06-29,-0.7818314824680299,0.6234898018587334,1.2246467991473532e-16,-1.0,0.04302223300453059,-0.99907411510223,3774.0,2762.0,2828.0,2746.714285714286,3075.0,1283.0436098441508,3176.633333333333,3352.0,1469.8247721818864,2710.0,0,0,1,0,0,0,1,0,0,2742
83,0,2013-06-30,-2.4492935982947064e-16,1.0,1.2246467991473532e-16,-1.0,0.02581844022713308,-0.9996666485105112,2742.0,0.0,0.0,2746.714285714286,3075.0,1283.0436098441508,2981.3,3241.5,1490.1637297221082,2710.0,0,0,1,0,0,0,1,0,0,0
83,0,2013-07-01,0.7818314824680298,0.6234898018587336,-0.4999999999999998,-0.8660254037844388,0.008606996888688698,-0.9999629591162655,0.0,3770.0,4752.0,2947.714285714286,3075.0,1552.072454739761,3049.8,3352.0,1543.144849839509,2710.0,1,0,1,0,0,0,1,0,0,5177
83,0,2013-07-02,0.9749279121818236,-0.22252093395631434,-0.4999999999999998,-0.8660254037844388,-0.008606996888688009,-0.9999629591162655,5177.0,3096.0,4419.0,3137.4285714285716,3075.0,1651.214891844069,3197.266666666667,3460.0,1450.2358650811977,2710.0,1,0,1,0,0,0,1,0,0,4424
83,0,2013-07-03,0.43388373911755823,-0.900968867902419,-0.4999999999999998,-0.8660254037844388,-0.02581844022713239,-0.9996666485105112,4424.0,3075.0,3944.0,3295.1428571428573,3774.0,1696.3647827606173,3161.5333333333333,3460.0,1410.5515119328631,2710.0,1,0,1,0,0,0,1,0,0,4179
83,0,2013-07-04,-0.433883739117558,-0.9009688679024191,-0.4999999999999998,-0.8660254037844388,-0.04302223300453034,-0.99907411510223,4179.0,2770.0,3677.0,3474.4285714285716,4025.0,1697.9317670961586,3160.133333333333,3460.0,1409.6423790385998,2710.0,1,0,1,0,0,0,1,0,0,4025
83,0,2013-07-05,-0.9749279121818236,-0.2225209339563146,-0.4999999999999998,-0.8660254037844388,-0.060213277365792774,-0.9981855344718586,4025.0,3774.0,4141.0,3638.714285714286,4179.0,1785.1432915675337,3206.6,3533.5,1444.792160210904,2710.0,1,0,1,0,0,0,1,0,0,4924
83,0,2013-07-06,-0.7818314824680299,0.6234898018587334,-0.4999999999999998,-0.8660254037844388,-0.07738647923346322,-0.9970011699250151,4924.0,2742.0,2762.0,3669.0,4179.0,1769.1210623734403,3161.866666666667,3352.0,1430.60500183117,2710.0,0,0,1,0,0,0,1,0,0,2954
83,0,2013-07-07,-2.4492935982947064e-16,1.0,-0.4999999999999998,-0.8660254037844388,-0.09453674981719933,-0.9955213724144752,2954.0,0.0,0.0,3669.0,4179.0,1769.1210623734403,3028.3,3241.5,1532.411197854655,2710.0,0,0,1,0,0,0,1,0,0,0
83,0,2013-07-08,0.7818314824680298,0.6234898018587336,-0.4999999999999998,-0.8660254037844388,-0.11165900712169444,-0.9937465804361781,0.0,5177.0,3770.0,3408.714285714286,4025.0,1639.564343993622,3034.5,3334.5,1533.3760532529682,2710.0,0,0,1,0,0,0,1,0,0,3355
83,0,2013-07-09,0.9749279121818236,-0.22252093395631434,-0.4999999999999998,-0.8660254037844388,-0.12874817745258066,-0.99167731989929,3355.0,4424.0,3096.0,3203.285714285714,3355.0,1580.163674463895,3134.0333333333333,3334.5,1422.5157046180727,2710.0,0,0,1,0,0,0,1,0,0,2986
83,0,2013-07-10,0.43388373911755823,-0.900968867902419,-0.4999999999999998,-0.8660254037844388,-0.14579919691987442,-0.9893142039703664,2986.0,4179.0,3075.0,3026.714285714286,2986.0,1520.9093457846986,3103.766666666667,3205.0,1416.3813455746824,2710.0,0,0,1,0,0,0,1,0,0,2943
83,0,2013-07-11,-0.433883739117558,-0.9009688679024191,-0.4999999999999998,-0.8660254037844388,-0.16280701293851646,-0.9866579328916572,2943.0,4025.0,2770.0,2921.1428571428573,2986.0,1464.6745290986933,3100.3,3191.0,1415.78376368612,2710.0,0,0,1,0,0,0,1,0,0,3286
83,0,2013-07-12,-0.9749279121818236,-0.2225209339563146,-0.4999999999999998,-0.8660254037844388,-0.17976658572556214,-0.9837092937736098,3286.0,4924.0,3774.0,2717.8571428571427,2986.0,1218.41090887153,3119.266666666667,3300.0,1417.2619287600432,2710.0,0,0,1,0,0,0,1,0,0,3501
83,0,2013-07-13,-0.7818314824680299,0.6234898018587334,-0.4999999999999998,-0.8660254037844388,-0.19667288979357622,-0.9804691603616321,3501.0,2954.0,2742.0,2781.714285714286,3286.0,1244.2887813641075,3140.633333333333,3334.5,1416.4905025019245,2710.0,0,0,1,0,0,0,1,0,0,3401
83,0,2013-07-14,-2.4492935982947064e-16,1.0,-0.4999999999999998,-0.8660254037844388,-0.2135209154397959,-0.9769384927771817,3401.0,0.0,0.0,2781.714285714286,3286.0,1244.2887813641075,3030.1666666666665,3320.5,1527.386207361051,2710.0,0,0,1,0,0,0,1,0,0,0
83,0,2013-07-15,0.7818314824680298,0.6234898018587336,-0.4999999999999998,-0.8660254037844388,-0.23030567023061196,-0.973118337233262,0.0,3355.0,5177.0,3144.4285714285716,3286.0,1718.8301115528998,3132.366666666667,3378.0,1613.5383581846845,2710.0,1,0,1,0,0,0,1,0,0,5894
83,0,2013-07-16,0.9749279121818236,-0.22252093395631434,-0.4999999999999998,-0.8660254037844388,-0.24702218048093527,-0.9690098257244063,5894.0,2986.0,4424.0,3405.8571428571427,3401.0,1826.5130192593233,3292.9,3451.0,1528.4818555542668,2710.0,1,0,1,0,0,0,1,0,0,4816
83,0,2013-07-17,0.43388373911755823,-0.900968867902419,-0.4999999999999998,-0.8660254037844388,-0.2636654927280072,-0.9646141756912435,4816.0,2943.0,4179.0,3621.1428571428573,3501.0,1851.506632319692,3282.8333333333335,3451.0,1519.508928916663,2710.0,1,0,1,0,0,0,1,0,0,4450
83,0,2013-07-18,-0.433883739117558,-0.9009688679024191,-0.4999999999999998,-0.8660254037844388,-0.2802306751992161,-0.9599326896597445,4450.0,3286.0,4025.0,3787.8571428571427,4450.0,1868.7594306180254,3283.9666666666667,3451.0,1520.3979851780016,2710.0,1,0,1,0,0,0,1,0,0,4453
83,0,2013-07-19,-0.9749279121818236,-0.2225209339563146,-0.4999999999999998,-0.8660254037844388,-0.2967128192734901,-0.9549667548552553,4453.0,3501.0,4924.0,3974.1428571428573,4453.0,1900.1292437245256,3312.6666666666665,3451.0,1541.2699495777038,2710.0,1,0,1,0,0,0,1,0,0,4805
83,0,2013-07-20,-0.7818314824680299,0.6234898018587334,-0.4999999999999998,-0.8660254037844388,-0.3131070409358267,-0.9497178427914317,4805.0,3401.0,2954.0,3936.285714285714,4453.0,1916.0247662183021,3294.633333333333,3378.0,1540.0245739941104,2710.0,0,0,1,0,0,0,1,0,0,3136
83,0,2013-07-21,-2.4492935982947064e-16,1.0,-0.4999999999999998,-0.8660254037844388,-0.3294084822245302,-0.9441875088341994,3136.0,0.0,0.0,3936.285714285714,4453.0,1916.0247662183021,3156.6,3320.5,1643.6426241315546,2710.0,0,0,1,0,0,0,1,0,0,0
83,0,2013-07-22,0.7818314824680298,0.6234898018587336,-0.4999999999999998,-0.8660254037844388,-0.3456123126707333,-0.9383773917408642,0.0,5894.0,3355.0,3628.5714285714284,4450.0,1711.2359916293299,3189.2,3378.0,1645.2442937773376,2710.0,0,0,1,0,0,0,1,0,0,3740
83,0,2013-07-23,0.9749279121818236,-0.22252093395631434,-0.4999999999999998,-0.8660254037844388,-0.3617137307297674,-0.9322892131745134,3740.0,4816.0,2986.0,3371.4285714285716,3740.0,1636.6821985491315,3289.733333333333,3378.0,1531.8889383830094,2710.0,0,0,1,0,0,0,1,0,0,3016
83,0,2013-07-24,0.43388373911755823,-0.900968867902419,-0.4999999999999998,-0.8660254037844388,-0.37770796520396466,-0.9259247771938499,3016.0,4450.0,2943.0,3248.4285714285716,3589.0,1573.2392122775288,3283.7,3378.0,1530.2877833923899,2710.0,0,0,1,0,0,0,1,0,0,3589
83,0,2013-07-25,-0.433883739117558,-0.9009688679024191,-0.4999999999999998,-0.8660254037844388,-0.39359027665646645,-0.9192859697186105,3589.0,4453.0,3286.0,3043.0,3136.0,1480.9107558076105,3281.0,3378.0,1530.701777301665,2710.0,0,0,1,0,0,0,1,0,0,3015
83,0,2013-07-26,-0.9749279121818236,-0.2225209339563146,-0.4999999999999998,-0.8660254037844388,-0.4093559588156211,-0.9123747579707274,3015.0,4805.0,3501.0,2839.1428571428573,3136.0,1282.917044417583,3291.1,3389.5,1530.295246473472,2710.0,0,0,1,0,0,0,1,0,0,3378
83,0,2013-07-27,-0.7818314824680299,0.6234898018587334,-0.4999999999999998,-0.8660254037844388,-0.42500033996955394,-0.9051931898913975,3378.0,3136.0,3401.0,2801.714285714286,3016.0,1276.6193264877,3294.5666666666666,3389.5,1529.1914627949805,2710.0,0,0,1,0,0,0,1,0,0,2874
83,0,2013-07-28,-2.4492935982947064e-16,1.0,-0.4999999999999998,-0.8660254037844388,-0.4405187843504952,-0.8977433935342336,2874.0,0.0,0.0,2801.714285714286,3016.0,1276.6193264877,3168.766666666667,3366.5,1639.6374006917263,2710.0,0,0,1,0,0,0,1,0,0,0
83,0,2013-07-29,0.7818314824680298,0.6234898018587336,-0.4999999999999998,-0.8660254037844388,-0.455906693508459,-0.8900275764346766,0.0,3740.0,5894.0,3020.714285714286,3016.0,1563.6329188022064,3253.133333333333,3389.5,1681.5022990198943,2710.0,1,0,1,0,0,0,1,0,0,5273
83,0,2013-07-30,0.9749279121818236,-0.22252093395631434,-0.4999999999999998,-0.8660254037844388,-0.47115950767386394,-0.8820480249558535,5273.0,3016.0,4816.0,3219.8571428571427,3378.0,1649.3521383229468,3400.133333333333,3451.0,1576.8065005668514,2710.0,1,0,1,0,0,0,1,0,0,4410
83,0,2013-07-31,0.43388373911755823,-0.900968867902419,-0.4999999999999998,-0.8660254037844388,-0.4862727071086902,-0.8738071036110807,4410.0,3589.0,4450.0,3375.285714285714,3378.0,1738.7767457119305,3383.4666666666667,3451.0,1559.9297449550081,2710.0,1,0,1,0,0,0,1,0,0,4677
83,0,2013-08-01,-0.433883739117558,-0.9009688679024191,-0.8660254037844384,-0.5000000000000004,-0.5012418134457756,-0.8653072543632061,4677.0,3015.0,4453.0,3495.5714285714284,3857.0,1738.82286400339,3364.5666666666666,3451.0,1550.2930909399315,2710.0,1,0,1,0,0,0,1,0,0,3857
83,0,2013-08-02,-0.9749279121818236,-0.2225209339563146,-0.8660254037844384,-0.5000000000000004,-0.5160623910158526,-0.8565509959010037,3857.0,3378.0,4805.0,3504.714285714286,3857.0,1738.2698020623566,3340.0,3421.5,1542.7633067614909,2710.0,1,0,1,0,0,0,1,0,0,3442
83,0,2013-08-03,-0.7818314824680299,0.6234898018587334,-0.8660254037844384,-0.5000000000000004,-0.5307300481619331,-0.8475409228928312,3442.0,2874.0,3136.0,3532.1428571428573,3857.0,1728.1442289897204,3308.0333333333333,3389.5,1538.0085081898483,2710.0,0,0,1,0,0,0,1,0,0,3066
83,0,2013-08-04,-2.4492935982947064e-16,1.0,-0.8660254037844384,-0.5000000000000004,-0.5452404385406507,-0.8382797052177745,3066.0,0.0,0.0,3532.1428571428573,3857.0,1728.1442289897204,3143.9,3366.5,1620.1551511485245,2710.0,0,0,1,0,0,0,1,0,0,0
83,0,2013-08-05,0.7818314824680298,0.6234898018587336,-0.8660254037844384,-0.5000000000000004,-0.5595892624101763,-0.828770087174504,0.0,5273.0,3740.0,3274.714285714286,3471.0,1550.7075497210637,3161.133333333333,3389.5,1620.8150511039353,2710.0,0,0,1,0,0,0,1,0,0,3471
83,0,2013-08-06,0.9749279121818236,-0.22252093395631434,-0.8660254037844384,-0.5000000000000004,-0.5737722679043243,-0.8190148866680802,3471.0,4410.0,3016.0,3108.285714285714,3442.0,1468.9158943799018,3269.3,3389.5,1506.8518255415581,2710.0,0,0,1,0,0,0,1,0,0,3245
83,0,2013-08-07,0.43388373911755823,-0.900968867902419,-0.8660254037844384,-0.5000000000000004,-0.5877852522924734,-0.8090169943749472,3245.0,4677.0,3589.0,2879.8571428571427,3245.0,1298.786539886551,3260.0666666666666,3389.5,1507.1572220422188,2710.0,0,0,1,0,0,0,1,0,0,3078
83,0,2013-08-08,-0.433883739117558,-0.9009688679024191,-0.8660254037844384,-0.5000000000000004,-0.6016240632249227,-0.7987793728863648,3078.0,3857.0,3015.0,2744.4285714285716,3078.0,1227.3775372914497,3257.5,3389.5,1507.7055129544028,2710.0,0,0,1,0,0,0,1,0,0,2909
83,0,2013-08-09,-0.9749279121818236,-0.2225209339563146,-0.8660254037844384,-0.5000000000000004,-0.6152845999633277,-0.7883050558305253,2909.0,3442.0,3378.0,2696.285714285714,3078.0,1201.7983350359757,3262.9,3389.5,1506.8301130702052,2710.0,0,0,1,0,0,0,1,0,0,3105
83,0,2013-08-10,-0.7818314824680299,0.6234898018587334,-0.8660254037844384,-0.5000000000000004,-0.6287628145958345,-0.7775971469736268,3105.0,3066.0,2874.0,2639.285714285714,3078.0,1190.7519632968251,3242.266666666667,3389.5,1510.7358776285212,2710.0,0,0,1,0,0,0,1,0,0,2667
83,0,2013-08-11,-2.4492935982947064e-16,1.0,-0.8660254037844384,-0.5000000000000004,-0.6420547132365636,-0.7666588193001592,2667.0,0.0,0.0,2639.285714285714,3078.0,1190.7519632968251,3125.5666666666666,3311.5,1621.2399189239818,2710.0,0,0,1,0,0,0,1,0,0,0
83,0,2013-08-12,0.7818314824680298,0.6234898018587336,-0.8660254037844384,-0.5000000000000004,-0.655156357209085,-0.7554933140726804,0.0,3471.0,5273.0,2807.8571428571427,3078.0,1394.2544517377307,3167.233333333333,3311.5,1644.4593217588374,2710.0,1,0,1,0,0,0,1,0,0,4651
83,0,2013-08-13,0.9749279121818236,-0.22252093395631434,-0.8660254037844384,-0.5000000000000004,-0.6680638642135333,-0.7441039398713608,4651.0,3245.0,4410.0,3011.8571428571427,3078.0,1563.1178702165996,3323.0,3410.0,1552.8751531849898,2710.0,1,0,1,0,0,0,1,0,0,4673
83,0,2013-08-14,0.43388373911755823,-0.900968867902419,-0.8660254037844384,-0.5000000000000004,-0.6807734094770159,-0.7324940716135792,4673.0,3078.0,4677.0,3105.714285714286,3105.0,1587.2891686022135,3251.0333333333333,3410.0,1477.8309241012246,2710.0,1,0,1,0,0,0,1,0,0,3735
83,0,2013-08-15,-0.433883739117558,-0.9009688679024191,-0.8660254037844384,-0.5000000000000004,-0.6932812268869771,-0.7206671495538615,3735.0,2909.0,3857.0,3213.285714285714,3662.0,1597.2203682528925,3212.5666666666666,3410.0,1450.4568289486153,2710.0,1,0,1,0,0,0,1,0,0,3662
83,0,2013-08-16,-0.9749279121818236,-0.2225209339563146,-0.8660254037844384,-0.5000000000000004,-0.7055836101071774,-0.7086266782644601,3662.0,3105.0,3442.0,3326.5714285714284,3735.0,1616.2688366670168,3194.1666666666665,3410.0,1437.662688445075,2710.0,1,0,1,0,0,0,1,0,0,3898
83,0,2013-08-17,-0.7818314824680299,0.6234898018587334,-0.8660254037844384,-0.5000000000000004,-0.7176769136759615,-0.6963762255968726,3898.0,2667.0,3066.0,3269.4285714285716,3735.0,1650.1893686425665,3121.3,3311.5,1427.0180664830282,2710.0,0,0,1,0,0,0,1,0,0,2267
83,0,2013-08-18,-2.4492935982947064e-16,1.0,-0.8660254037844384,-0.5000000000000004,-0.7295575540864876,-0.6839194216246105,2267.0,0.0,0.0,3269.4285714285716,3735.0,1650.1893686425665,2961.133333333333,3190.5,1499.3458742313953,2710.0,0,0,1,0,0,0,1,0,0,0
83,0,2013-08-19,0.7818314824680298,0.6234898018587336,-0.8660254037844384,-0.5000000000000004,-0.7412220108485957,-0.6712599575675315,0.0,4651.0,3471.0,3027.4285714285716,3662.0,1533.931425797001,2955.1666666666665,3175.0,1498.982116323429,2710.0,0,0,1,0,0,0,1,0,0,2957
83,0,2013-08-20,0.9749279121818236,-0.22252093395631434,-0.8660254037844384,-0.5000000000000004,-0.7526668275320083,-0.6584015846980489,2957.0,4673.0,3245.0,2724.8571428571427,2957.0,1353.5207705057508,3040.3333333333335,3175.0,1394.2121328063251,2710.0,0,0,1,0,0,0,1,0,0,2555
83,0,2013-08-21,0.43388373911755823,-0.900968867902419,-0.8660254037844384,-0.5000000000000004,-0.7638886127905429,-0.64534811322955,2555.0,3735.0,3078.0,2649.1428571428573,2957.0,1301.4178714734487,3022.5,3155.0,1388.3634312532774,2710.0,0,0,1,0,0,0,1,0,0,3205
83,0,2013-08-22,-0.433883739117558,-0.9009688679024191,-0.8660254037844384,-0.5000000000000004,-0.7748840413670406,-0.6321034111873488,3205.0,3662.0,2909.0,2517.4285714285716,2740.0,1226.3132901972044,3013.3,3155.0,1389.3221157742018,2710.0,0,0,1,0,0,0,1,0,0,2740
83,0,2013-08-23,-0.9749279121818236,-0.2225209339563146,-0.8660254037844384,-0.5000000000000004,-0.7856498550787144,-0.6186714032625032,2740.0,3898.0,3105.0,2427.8571428571427,2740.0,1127.5930750306825,3002.7,3155.0,1385.9873898515746,2710.0,0,0,1,0,0,0,1,0,0,3271
83,0,2013-08-24,-0.7818314824680299,0.6234898018587334,-0.8660254037844384,-0.5000000000000004,-0.7961828637826154,-0.6050560696488494,3271.0,2267.0,2667.0,2452.1428571428573,2740.0,1125.3797031182337,2983.4333333333334,3155.0,1389.8226054833897,2710.0,0,0,1,0,0,0,1,0,0,2437
83,0,2013-08-25,-2.4492935982947064e-16,1.0,-0.8660254037844384,-0.5000000000000004,-0.8064799463209447,-0.5912614448635782,2437.0,0.0,0.0,2452.1428571428573,2740.0,1125.3797031182337,2870.8333333333335,3091.5,1489.982968737036,2710.0,0,0,1,0,0,0,1,0,0,0
83,0,2013-08-26,0.7818314824680298,0.6234898018587336,-0.8660254037844384,-0.5000000000000004,-0.8165380514459157,-0.5772916165517278,0.0,2957.0,4651.0,2826.4285714285716,2740.0,1639.5171908362606,2960.9333333333334,3155.0,1569.7706384918972,2710.0,1,0,1,0,0,0,1,0,0,5577
83,0,2013-08-27,0.9749279121818236,-0.22252093395631434,-0.8660254037844384,-0.5000000000000004,-0.8263541987239095,-0.5631507242749187,5577.0,2555.0,4673.0,3030.714285714286,3205.0,1688.4206342304756,3093.766666666667,3225.0,1476.405950233557,2710.0,1,0,1,0,0,0,1,0,0,3985
83,0,2013-08-28,0.43388373911755823,-0.900968867902419,-0.8660254037844384,-0.5000000000000004,-0.8359254794186365,-0.5488429582847199,3985.0,3205.0,3735.0,3074.4285714285716,3271.0,1697.621262938514,3035.0333333333333,3225.0,1420.7210282915782,2710.0,1,0,1,0,0,0,1,0,0,3511
83,0,2013-08-29,-0.433883739117558,-0.9009688679024191,-0.8660254037844384,-0.5000000000000004,-0.8452490573530634,-0.5343725582809785,3511.0,2740.0,3662.0,3253.285714285714,3511.0,1722.2888563658264,3021.1,3225.0,1408.7708839439686,2710.0,1,0,1,0,0,0,1,0,0,3992
83,0,2013-08-30,-0.9749279121818236,-0.2225209339563146,-0.8660254037844384,-0.5000000000000004,-0.8543221697498269,-0.5197438121555157,3992.0,3271.0,3898.0,3361.8571428571427,3985.0,1747.3639602337603,2999.5666666666666,3225.0,1387.3617901548262,2710.0,1,0,1,0,0,0,1,0,0,4031
83,0,2013-08-31,-0.7818314824680299,0.6234898018587334,-0.8660254037844384,-0.5000000000000004,-0.8631421280499115,-0.5049610547215202,4031.0,2437.0,2267.0,3422.8571428571427,3985.0,1716.8837495660007,2966.4666666666667,3155.0,1378.013656239155,2710.0,0,0,1,0,0,0,1,0,0,2864
83,0,2013-09-01,-2.4492935982947064e-16,1.0,-1.0,-1.8369701987210297e-16,-0.8717063187093218,-0.4900286664290594,2864.0,0.0,0.0,3422.8571428571427,3985.0,1716.8837495660007,2851.733333333333,3091.5,1476.804657157572,2710.0,0,0,1,0,0,0,1,0,0,0
83,0,2013-09-02,0.7818314824680298,0.6234898018587336,-1.0,-1.8369701987210297e-16,-0.8800122039735356,-0.4749510720670502,0.0,5577.0,2957.0,3107.285714285714,3511.0,1434.7891499317618,2861.8,3155.0,1479.3426872117532,2710.0,0,0,1,0,0,0,1,0,0,3368
83,0,2013-09-03,0.9749279121818236,-0.22252093395631434,-1.0,-1.8369701987210297e-16,-0.888057322629493,-0.4597327394521046,3368.0,3985.0,2555.0,3045.1428571428573,3511.0,1399.4225509796818,2980.133333333333,3225.0,1381.2641070169484,2710.0,0,0,1,0,0,0,1,0,0,3550
83,0,2013-09-04,0.43388373911755823,-0.900968867902419,-1.0,-1.8369701987210297e-16,-0.8958392907349089,-0.44437817810461344,3550.0,3511.0,3205.0,2981.5714285714284,3368.0,1384.763741238058,2966.633333333333,3155.0,1378.2770474546198,2710.0,0,0,1,0,0,0,1,0,0,3066
83,0,2013-09-05,-0.433883739117558,-0.9009688679024191,-1.0,-1.8369701987210297e-16,-0.9033558023246842,-0.4288919379124841,3066.0,3992.0,2740.0,2780.1428571428573,3066.0,1314.0332858000525,2944.5333333333333,3091.5,1378.9749249635236,2710.0,0,0,1,0,0,0,1,0,0,2582
83,0,2013-09-06,-0.9749279121818236,-0.2225209339563146,-1.0,-1.8369701987210297e-16,-0.9106046300942162,-0.41327860778290443,2582.0,4031.0,3271.0,2621.714285714286,2922.0,1199.9919047346025,2939.3333333333335,3085.5,1378.7483912725975,2710.0,0,0,1,0,0,0,1,0,0,2922
83,0,2013-09-07,-0.7818314824680299,0.6234898018587334,-1.0,-1.8369701987210297e-16,-0.9175836260593934,-0.3975428142825566,2922.0,2864.0,2437.0,2614.285714285714,2922.0,1198.4019518071748,2936.1,3085.5,1378.9357052851808,2710.0,0,0,1,0,0,0,1,0,0,2812
83,0,2013-09-08,-2.4492935982947064e-16,1.0,-1.0,-1.8369701987210297e-16,-0.9242907221930934,-0.3816892202666586,2812.0,0.0,0.0,2614.285714285714,2922.0,1198.4019518071748,2832.6,3011.5,1478.73705666647,2710.0,0,0,1,0,0,0,1,0,0,0
83,0,2013-09-09,0.7818314824680298,0.6234898018587336,-1.0,-1.8369701987210297e-16,-0.9307239310379793,-0.3657225234972692,0.0,3368.0,5577.0,2998.714285714286,2922.0,1773.9070545254738,2945.6666666666665,3135.5,1591.0519905966628,2710.0,1,0,1,0,0,0,1,0,0,6059
83,0,2013-09-10,0.9749279121818236,-0.22252093395631434,-1.0,-1.8369701987210297e-16,-0.9368813462954315,-0.34964745525122826,6059.0,3550.0,3985.0,3230.0,2922.0,1954.151563552156,3117.9666666666667,3238.0,1540.1252408396072,2710.0,1,0,1,0,0,0,1,0,0,5169
83,0,2013-09-11,0.43388373911755823,-0.900968867902419,-1.0,-1.8369701987210297e-16,-0.9427611433904206,-0.33346877891818705,5169.0,3066.0,3511.0,3342.714285714286,2922.0,1965.8351672411159,3091.4333333333334,3238.0,1519.5223088610546,2710.0,1,0,1,0,0,0,1,0,0,3855
83,0,2013-09-12,-0.433883739117558,-0.9009688679024191,-1.0,-1.8369701987210297e-16,-0.9483615800121716,-0.31719128858910595,3855.0,2582.0,3992.0,3499.1428571428573,3677.0,1938.5913639007256,3058.233333333333,3238.0,1494.4490550570513,2710.0,1,0,1,0,0,0,1,0,0,3677
83,0,2013-09-13,-0.9749279121818236,-0.2225209339563146,-1.0,-1.8369701987210297e-16,-0.9536809966304455,-0.300819807635668,3677.0,2922.0,4031.0,3675.4285714285716,3855.0,1933.4619086966648,3072.266666666667,3238.0,1502.9755758525116,2710.0,1,0,1,0,0,0,1,0,0,4156
83,0,2013-09-14,-0.7818314824680299,0.6234898018587334,-1.0,-1.8369701987210297e-16,-0.9587178169872964,-0.2843591872810036,4156.0,2812.0,2864.0,3594.714285714286,3855.0,1986.5776865659957,3025.1,3135.5,1506.0300713671236,2710.0,0,0,1,0,0,0,1,0,0,2247
83,0,2013-09-15,-2.4492935982947064e-16,1.0,-1.0,-1.8369701987210297e-16,-0.9634705485641486,-0.26781430516217486,2247.0,0.0,0.0,3594.714285714286,3855.0,1986.5776865659957,2895.1666666666665,3011.5,1593.721151643347,2710.0,0,0,1,0,0,0,1,0,0,0
83,0,2013-09-16,0.7818314824680298,0.6234898018587336,-1.0,-1.8369701987210297e-16,-0.9679377830240642,-0.25119006388481957,0.0,6059.0,3368.0,3233.5714285714284,3677.0,1668.1992144368194,2937.3,3135.5,1593.2497726128909,2710.0,0,0,1,0,0,0,1,0,0,3531
83,0,2013-09-17,0.9749279121818236,-0.22252093395631434,-1.0,-1.8369701987210297e-16,-0.9721181966290612,-0.23449138957041052,3531.0,5169.0,3550.0,2963.285714285714,3531.0,1440.0204528970794,3046.5333333333333,3238.0,1494.1795980618801,2710.0,0,0,1,0,0,0,1,0,0,3277
83,0,2013-09-18,0.43388373911755823,-0.900968867902419,-1.0,-1.8369701987210297e-16,-0.9760105506323682,-0.21772323039653224,3277.0,3855.0,3066.0,2848.285714285714,3277.0,1388.1488530036122,3049.633333333333,3238.0,1494.083907613123,2710.0,0,0,1,0,0,0,1,0,0,3050
83,0,2013-09-19,-0.433883739117558,-0.9009688679024191,-1.0,-1.8369701987210297e-16,-0.9796136916454901,-0.20089055513063528,3050.0,3677.0,2582.0,2753.1428571428573,3050.0,1344.0043934168582,3064.8333333333335,3238.0,1491.195009873376,2710.0,0,0,1,0,0,0,1,0,0,3011
83,0,2013-09-20,-0.9749279121818236,-0.2225209339563146,-1.0,-1.8369701987210297e-16,-0.9829265519799822,-0.18399835165767986,3011.0,4156.0,2922.0,2593.5714285714284,3039.0,1209.2388593853689,3059.3,3168.5,1490.9649305526686,2710.0,0,0,1,0,0,0,1,0,0,3039
83,0,2013-09-21,-0.7818314824680299,0.6234898018587334,-1.0,-1.8369701987210297e-16,-0.9859481499638303,-0.1670516255021195,3039.0,2247.0,2812.0,2660.8571428571427,3039.0,1199.8076830019402,3058.5666666666666,3168.5,1491.132795107019,2710.0,0,0,1,0,0,0,1,0,0,2718
83,0,2013-09-22,-2.4492935982947064e-16,1.0,-1.0,-1.8369701987210297e-16,-0.9886775902323404,-0.15005539834465262,2718.0,0.0,0.0,2660.8571428571427,3039.0,1199.8076830019402,2949.5333333333333,3058.0,1591.2897335469577,2710.0,0,0,1,0,0,0,1,0,0,0
83,0,2013-09-23,0.7818314824680298,0.6234898018587336,-1.0,-1.8369701987210297e-16,-0.9911140639934546,-0.13301470653419636,0.0,3531.0,6059.0,2812.5714285714284,3039.0,1381.5533355783357,3021.4,3171.5,1615.840074025762,2710.0,1,0,1,0,0,0,1,0,0,4593
83,0,2013-09-24,0.9749279121818236,-0.22252093395631434,-1.0,-1.8369701987210297e-16,-0.9932568492674143,-0.11593459959550066,4593.0,3277.0,5169.0,2916.5714285714284,3039.0,1448.137753247583,3154.9,3322.5,1520.2220652214598,2710.0,1,0,1,0,0,0,1,0,0,4005
83,0,2013-09-25,0.43388373911755823,-0.900968867902419,-1.0,-1.8369701987210297e-16,-0.9951053111006974,-0.09882013873287211,4005.0,3050.0,3855.0,3107.0,3039.0,1552.4918679336145,3115.1,3322.5,1469.4042740817276,2710.0,1,0,1,0,0,0,1,0,0,4383
83,0,2013-09-26,-0.433883739117558,-0.9009688679024191,-1.0,-1.8369701987210297e-16,-0.99665890175417,-0.08167639533042288,4383.0,3011.0,3677.0,3300.8571428571427,4005.0,1621.6877451769635,3127.866666666667,3322.5,1478.856285324464,2710.0,1,0,1,0,0,0,1,0,0,4368
83,0,2013-09-27,-0.9749279121818236,-0.2225209339563146,-1.0,-1.8369701987210297e-16,-0.9979171608653922,-0.06450844944931625,4368.0,3039.0,4156.0,3500.714285714286,4368.0,1669.5384306533856,3158.766666666667,3322.5,1496.7145095135877,2710.0,1,0,1,0,0,0,1,0,0,4438
83,0,2013-09-28,-0.7818314824680299,0.6234898018587334,-1.0,-1.8369701987210297e-16,-0.9988797155850335,-0.04732138832243232,4438.0,2718.0,2247.0,3481.1428571428573,4368.0,1681.0067844966625,3111.733333333333,3171.5,1491.7895740798456,2710.0,0,0,1,0,0,0,1,0,0,2581
83,0,2013-09-29,-2.4492935982947064e-16,1.0,-1.0,-1.8369701987210297e-16,-0.9995462806873573,-0.03012030484690836,2581.0,0.0,0.0,3481.1428571428573,4368.0,1681.0067844966625,2977.366666666667,3058.0,1584.7750734199878,2710.0,0,0,1,0,0,0,1,0,0,0
83,0,2013-09-30,0.7818314824680298,0.6234898018587336,-1.0,-1.8369701987210297e-16,-0.9999166586547379,-0.012910296075008843,0.0,4593.0,3531.0,3365.8571428571427,4005.0,1618.5579413551466,3008.1,3171.5,1591.4269101485063,2710.0,0,0,1,0,0,0,1,0,0,3786
83,0,2013-10-01,0.9749279121818236,-0.22252093395631434,-0.8660254037844386,0.5000000000000001,-0.9999907397361901,0.004303538296243821,3786.0,4005.0,3277.0,3266.285714285714,3786.0,1593.937547321697,3118.366666666667,3292.5,1486.990259999482,2710.0,0,0,1,0,0,0,1,0,0,3308
83,0,2013-10-02,0.43388373911755823,-0.900968867902419,-0.8660254037844386,0.5000000000000001,-0.9997685019798909,0.021516097436222233,3308.0,4383.0,3050.0,3125.8571428571427,3400.0,1520.7787948472803,3119.4333333333334,3292.5,1487.1869692843566,2710.0,0,0,1,0,0,0,1,0,0,3400
83,0,2013-10-03,-0.433883739117558,-0.9009688679024191,-0.8660254037844386,0.5000000000000001,-0.9992500112396835,0.03872228089217399,3400.0,4368.0,3011.0,2501.8571428571427,3308.0,1797.1756015640638,3001.1,3171.5,1589.4633739855014,2710.0,0,0,1,0,0,0,1,0,0,0
83,0,2013-10-04,-0.9749279121818236,-0.2225209339563146,-0.8660254037844386,0.5000000000000001,-0.9984354211555643,0.05591699010060302,0.0,4438.0,3039.0,2494.8571428571427,3308.0,1788.4516980311455,3045.2,3292.5,1609.552634354843,2710.0,0,0,1,0,0,0,1,0,0,4389
83,0,2013-10-05,-0.7818314824680299,0.6234898018587334,-0.8660254037844386,0.5000000000000001,-0.9973249731081555,0.07309512989807776,4389.0,2581.0,2718.0,2505.285714285714,3308.0,1789.2503750906176,3047.6,3292.5,1608.8916853450417,2710.0,0,0,1,0,0,0,1,0,0,2654
83,0,2013-10-06,-2.4492935982947064e-16,1.0,-0.8660254037844386,0.5000000000000001,-0.9959189961471792,0.0902516100310407,2654.0,0.0,0.0,2505.285714285714,3308.0,1789.2503750906176,2950.2,3292.5,1702.482252679789,2710.0,0,0,1,0,0,0,1,0,0,0
83,0,2013-10-07,0.7818314824680298,0.6234898018587336,-0.8660254037844386,0.5000000000000001,-0.994217906893952,0.10738134666416306,0.0,3786.0,4593.0,2811.1428571428573,3308.0,2184.0925215881193,3054.0333333333333,3354.0,1786.6721807900826,2710.0,1,0,1,0,0,0,1,0,0,5927
83,0,2013-10-08,0.9749279121818236,-0.22252093395631434,-0.8660254037844386,0.5000000000000001,-0.9922222094179324,0.12447926388678869,5927.0,3308.0,4005.0,2989.5714285714284,3400.0,2280.34550431456,3205.9333333333334,3465.5,1710.1452637096356,2710.0,1,0,1,0,0,0,1,0,0,4557
83,0,2013-10-09,0.43388373911755823,-0.900968867902419,-0.8660254037844386,0.5000000000000001,-0.989932495087353,0.141540295217043,4557.0,3400.0,4383.0,3058.4285714285716,3882.0,2301.97892092455,3133.366666666667,3465.5,1629.1779920822191,2710.0,1,0,1,0,0,0,1,0,0,3882
83,0,2013-10-10,-0.433883739117558,-0.9009688679024191,-0.8660254037844386,0.5000000000000001,-0.9873494423939864,0.15855938510313475,3882.0,0.0,4368.0,3657.0,4190.0,1880.2967850847367,3100.733333333333,3465.5,1596.47380689191,2710.0,1,0,1,0,0,0,1,0,0,4190
83,0,2013-10-11,-0.9749279121818236,-0.2225209339563146,-0.8660254037844386,0.5000000000000001,-0.9844738167520923,0.17553149042142777,4190.0,4389.0,4438.0,3556.8571428571427,3882.0,1853.286848509194,3095.1666666666665,3465.5,1594.0424016195154,2710.0,1,0,1,0,0,0,1,0,0,3688
83,0,2013-10-12,-0.7818314824680299,0.6234898018587334,-0.8660254037844386,0.5000000000000001,-0.9813064702716093,0.19245158197082995,3688.0,2654.0,2581.0,3632.285714285714,3882.0,1820.8776926055655,3078.6666666666665,3354.0,1590.3697972339694,2710.0,0,0,1,0,0,0,1,0,0,3182
83,0,2013-10-13,-2.4492935982947064e-16,1.0,-0.8660254037844386,0.5000000000000001,-0.9778483415056568,0.20931464596304888,3182.0,0.0,0.0,3632.285714285714,3882.0,1820.8776926055655,2940.133333333333,3292.5,1672.1945467854046,2710.0,0,0,1,0,0,0,1,0,0,0
83,0,2013-10-14,0.7818314824680298,0.6234898018587336,-0.8660254037844386,0.5000000000000001,-0.9741004551724206,0.22611568550828803,0.0,5927.0,3786.0,3333.0,3832.0,1529.7462752583083,2992.9666666666667,3354.0,1674.577197967898,2710.0,0,0,1,0,0,0,1,0,0,3832
83,0,2013-10-15,0.9749279121818236,-0.22252093395631434,-0.8660254037844386,0.5000000000000001,-0.970063921851507,0.2428497220959358,3832.0,4557.0,3308.0,3176.714285714286,3688.0,1436.923184479686,3108.4,3431.5,1577.7044782498556,2710.0,0,0,1,0,0,0,1,0,0,3463
83,0,2013-10-16,0.43388373911755823,-0.900968867902419,-0.8660254037844386,0.5000000000000001,-0.965739937654855,0.25951179706979943,3463.0,3882.0,3400.0,3063.8571428571427,3463.0,1402.9184377066074,3093.766666666667,3354.0,1575.6842560337516,2710.0,0,0,1,0,0,0,1,0,0,3092
83,0,2013-10-17,-0.433883739117558,-0.9009688679024191,-0.8660254037844386,0.5000000000000001,-0.9611297838723007,0.27609697309746883,3092.0,4190.0,0.0,2897.8571428571427,3182.0,1313.3466702247674,3085.4666666666667,3354.0,1575.341555375198,2710.0,0,0,1,0,0,0,1,0,0,3028
83,0,2013-10-18,-0.9749279121818236,-0.2225209339563146,-0.8660254037844386,0.5000000000000001,-0.9562348265919058,0.2926003356333479,3028.0,3688.0,4389.0,2818.285714285714,3131.0,1273.7729669876733,3088.1666666666665,3354.0,1575.3480859651356,2710.0,0,0,1,0,0,0,1,0,0,3131
83,0,2013-10-19,-0.7818314824680299,0.6234898018587334,-0.8660254037844386,0.5000000000000001,-0.9510565162951536,0.30901699437494723,3131.0,3182.0,2654.0,2762.714285714286,3092.0,1263.7061517992415,3080.9,3354.0,1576.218857331332,2710.0,0,0,1,0,0,0,1,0,0,2793
83,0,2013-10-20,-2.4492935982947064e-16,1.0,-0.8660254037844386,0.5000000000000001,-0.9455963874271428,0.3253420847119795,2793.0,0.0,0.0,2762.714285714286,3092.0,1263.7061517992415,2979.6,3354.0,1673.6481853352143,2710.0,0,0,1,0,0,0,1,0,0,0
83,0,2013-10-21,0.7818314824680298,0.6234898018587336,-0.8660254037844386,0.5000000000000001,-0.9398560579418953,0.341570769167856,0.0,3832.0,5927.0,2875.714285714286,3092.0,1402.9509036652873,3043.1,3431.5,1699.322488725918,2710.0,1,0,1,0,0,0,1,0,0,4623
83,0,2013-10-22,0.9749279121818236,-0.22252093395631434,-0.8660254037844386,0.5000000000000001,-0.9338372288229252,0.35769823883312546,4623.0,3463.0,4557.0,2930.4285714285716,3092.0,1436.7336632262873,3171.3,3575.5,1604.243771784805,2710.0,1,0,1,0,0,0,1,0,0,3846
83,0,2013-10-23,0.43388373911755823,-0.900968867902419,-0.8660254037844386,0.5000000000000001,-0.9275416835791965,0.3737197147904692,3846.0,3092.0,3882.0,3027.4285714285716,3131.0,1471.949597998391,3143.9,3575.5,1586.0407297896597,2710.0,1,0,1,0,0,0,1,0,0,3771
83,0,2013-10-24,-0.433883739117558,-0.9009688679024191,-0.8660254037844386,0.5000000000000001,-0.9209712877166346,0.38963044953078774,3771.0,3028.0,4190.0,3216.285714285714,3771.0,1554.527764766064,3155.4,3575.5,1593.731764736785,2710.0,1,0,1,0,0,0,1,0,0,4350
83,0,2013-10-25,-0.9749279121818236,-0.2225209339563146,-0.8660254037844386,0.5000000000000001,-0.9141279881853337,0.4054257283599973,4350.0,3131.0,3688.0,3312.5714285714284,3805.0,1569.1692979772092,3136.133333333333,3575.5,1581.8288135579942,2710.0,1,0,1,0,0,0,1,0,0,3805
83,0,2013-10-26,-0.7818314824680299,0.6234898018587334,-0.8660254037844386,0.5000000000000001,-0.9070138128026362,0.42110087079608916,3805.0,2793.0,3182.0,3260.0,3805.0,1595.4224101054458,3071.366666666667,3431.5,1569.3800990844416,2710.0,0,0,1,0,0,0,1,0,0,2425
83,0,2013-10-27,-2.4492935982947064e-16,1.0,-0.8660254037844386,0.5000000000000001,-0.8996308696522434,0.4366512319560638,2425.0,0.0,0.0,3260.0,3805.0,1595.4224101054458,2923.4333333333334,3354.0,1643.5321652346547,2710.0,0,0,1,0,0,0,1,0,0,0
83,0,2013-10-28,0.7818314824680298,0.6234898018587336,-0.8660254037844386,0.5000000000000001,-0.8919813464595487,0.45207220393230374,0.0,4623.0,3832.0,2988.4285714285716,3771.0,1482.545879800788,2928.133333333333,3354.0,1642.7205511575592,2710.0,0,0,1,0,0,0,1,0,0,2722
83,0,2013-10-29,0.9749279121818236,-0.22252093395631434,-0.8660254037844386,0.5000000000000001,-0.8840675099433637,0.46735921715800205,2722.0,3846.0,3463.0,2900.1428571428573,3228.0,1440.77865852363,3035.733333333333,3354.0,1547.2558117927458,2710.0,0,0,1,0,0,0,1,0,0,3228
83,0,2013-10-30,0.43388373911755823,-0.900968867902419,-0.8660254037844386,0.5000000000000001,-0.8758917051442433,0.48250774176121763,3228.0,3771.0,3092.0,2781.285714285714,2939.0,1390.400867170537,3007.5,3268.0,1540.8076643827683,2710.0,0,0,1,0,0,0,1,0,0,2939
83,0,2013-10-31,-0.433883739117558,-0.9009688679024191,-0.8660254037844386,0.5000000000000001,-0.867456354729597,0.4975132889071803,2939.0,4350.0,3028.0,2704.0,2939.0,1300.8207665419081,3024.2,3314.0,1546.8800055997006,2710.0,0,0,1,0,0,0,1,0,0,3809
83,0,2013-11-01,-0.9749279121818236,-0.2225209339563146,-0.5000000000000004,0.8660254037844384,-0.858763958275803,0.5123714121284235,3809.0,3805.0,3131.0,2160.4285714285716,2722.0,1537.5268948480123,2910.866666666667,3205.0,1640.1379406524952,2710.0,0,0,1,0,0,0,1,0,0,0
83,0,2013-11-02,-0.7818314824680299,0.6234898018587334,-0.5000000000000004,0.8660254037844384,-0.8498170915275277,0.5270777086423724,0.0,2425.0,2793.0,2314.5714285714284,2939.0,1620.329169967521,3027.6666666666665,3345.5,1547.8674614323124,2710.0,0,0,1,0,0,0,1,0,0,3504
83,0,2013-11-03,-2.4492935982947064e-16,1.0,-0.5000000000000004,0.8660254037844384,-0.8406184056344783,0.5416278206559811,3504.0,0.0,0.0,2314.5714285714284,2939.0,1620.329169967521,2881.366666666667,3205.0,1620.4761216752108,2710.0,0,0,1,0,0,0,1,0,0,0
83,0,2013-11-04,0.7818314824680298,0.6234898018587336,-0.5000000000000004,0.8660254037844384,-0.8311706263658079,0.5560174366570446,0.0,2722.0,4623.0,2668.5714285714284,3228.0,1959.3913899595534,2966.233333333333,3345.5,1673.9447253951228,2710.0,1,0,1,0,0,0,1,0,0,5200
83,0,2013-11-05,0.9749279121818236,-0.22252093395631434,-0.5000000000000004,0.8660254037844384,-0.8214765533024145,0.5702422926917867,5200.0,3228.0,3846.0,2969.0,3504.0,2205.2608311338913,3143.9333333333334,3483.5,1630.6006917979478,2710.0,1,0,1,0,0,0,1,0,0,5331
83,0,2013-11-06,0.43388373911755823,-0.900968867902419,-0.5000000000000004,0.8660254037844384,-0.8115390590073611,0.5842981736283683,5331.0,2939.0,3771.0,3154.4285714285716,3809.0,2256.2982114622223,3087.6,3483.5,1558.7465255885813,2710.0,1,0,1,0,0,0,1,0,0,4237
83,0,2013-11-07,-0.433883739117558,-0.9009688679024191,-0.5000000000000004,0.8660254037844384,-0.8013610881746769,0.5981809144059159,4237.0,3809.0,4350.0,3189.0,4051.0,2269.8127676088184,3070.733333333333,3483.5,1544.9751684944192,2710.0,1,0,1,0,0,0,1,0,0,4051
83,0,2013-11-08,-0.9749279121818236,-0.2225209339563146,-0.5000000000000004,0.8660254037844384,-0.7909456567567774,0.6118864012687242,4051.0,0.0,3805.0,3813.714285714286,4237.0,1798.7291545501137,3087.1,3483.5,1556.423937240039,2710.0,1,0,1,0,0,0,1,0,0,4373
83,0,2013-11-09,-0.7818314824680299,0.6234898018587334,-0.5000000000000004,0.8660254037844384,-0.780295851070776,0.6254105729852457,4373.0,3504.0,2425.0,3708.8571428571427,4237.0,1840.697823161225,3039.766666666667,3345.5,1543.262993729871,2710.0,0,0,1,0,0,0,1,0,0,2770
83,0,2013-11-10,-2.4492935982947064e-16,1.0,-0.5000000000000004,0.8660254037844384,-0.7694148268839381,0.6387494220515268,2770.0,0.0,0.0,3708.8571428571427,4237.0,1840.697823161225,2916.8333333333335,3205.0,1634.063648009807,2710.0,0,0,1,0,0,0,1,0,0,0
83,0,2013-11-11,0.7818314824680298,0.6234898018587336,-0.5000000000000004,0.8660254037844384,-0.7583058084785625,0.6518989958787125,0.0,5200.0,2722.0,3385.8571428571427,4051.0,1730.5047846000919,2908.733333333333,3179.5,1633.305996487159,2710.0,0,0,1,0,0,0,1,0,0,2939
83,0,2013-11-12,0.9749279121818236,-0.22252093395631434,-0.5000000000000004,0.8660254037844384,-0.7469720876965551,0.6648553979642867,2939.0,5331.0,3228.0,3085.0,3225.0,1504.2478740774977,3016.233333333333,3226.5,1538.6466665117782,2710.0,0,0,1,0,0,0,1,0,0,3225
83,0,2013-11-13,0.43388373911755823,-0.900968867902419,-0.5000000000000004,0.8660254037844384,-0.7354170229639858,0.6776147890466887,3225.0,4237.0,2939.0,3031.8571428571427,3225.0,1462.7654663423712,3017.3333333333335,3226.5,1539.2616531251601,2710.0,0,0,1,0,0,0,1,0,0,3865
83,0,2013-11-14,-0.433883739117558,-0.9009688679024191,-0.5000000000000004,0.8660254037844384,-0.7236440382959123,0.690173388242972,3865.0,4051.0,3809.0,2868.1428571428573,2939.0,1392.1159468678668,2998.733333333333,3178.0,1537.0604262757467,2710.0,0,0,1,0,0,0,1,0,0,2905
83,0,2013-11-15,-0.9749279121818236,-0.2225209339563146,-0.5000000000000004,0.8660254037844384,-0.7116566222817751,0.7025274741691566,2905.0,4373.0,0.0,2774.5714285714284,2939.0,1292.561649998803,3019.6,3226.5,1542.6094238279338,2710.0,0,0,1,0,0,0,1,0,0,3718
83,0,2013-11-16,-0.7818314824680299,0.6234898018587334,-0.5000000000000004,0.8660254037844384,-0.6994583270516471,0.7146733860429608,3718.0,2770.0,3504.0,2813.714285714286,3044.0,1296.5428022611695,3020.133333333333,3226.5,1542.6151940071122,2710.0,0,0,1,0,0,0,1,0,0,3044
83,0,2013-11-17,-2.4492935982947064e-16,1.0,-0.5000000000000004,0.8660254037844384,-0.6870527672236675,0.726607524768565,3044.0,0.0,0.0,2813.714285714286,3044.0,1296.5428022611695,2915.766666666667,3226.5,1637.8321391680972,2710.0,0,0,1,0,0,0,1,0,0,0
83,0,2013-11-18,0.7818314824680298,0.6234898018587336,-0.5000000000000004,0.8660254037844384,-0.6744436188329457,0.7383263540031063,0.0,2939.0,5200.0,3229.0,3225.0,1734.8373602925058,3017.5333333333333,3366.0,1722.5965912226652,2710.0,1,0,1,0,0,0,1,0,0,5846
83,0,2013-11-19,0.9749279121818236,-0.22252093395631434,-0.5000000000000004,0.8660254037844384,-0.661634618242279,0.749826401204568,5846.0,3225.0,5331.0,3417.1428571428573,3718.0,1804.352739772301,3168.9333333333334,3611.0,1646.141401169313,2710.0,1,0,1,0,0,0,1,0,0,4542
83,0,2013-11-20,0.43388373911755823,-0.900968867902419,-0.5000000000000004,0.8660254037844384,-0.6486295610349818,0.7611042586607742,4542.0,3865.0,4237.0,3482.8571428571427,3718.0,1831.5536600175842,3159.0,3611.0,1637.9432435116632,2710.0,1,0,1,0,0,0,1,0,0,4325
83,0,2013-11-21,-0.433883739117558,-0.9009688679024191,-0.5000000000000004,0.8660254037844384,-0.6354323008901775,0.7721565844991641,4325.0,2905.0,4051.0,3628.285714285714,3923.0,1818.3918457697457,3161.5666666666666,3611.0,1639.1168076727763,2710.0,1,0,1,0,0,0,1,0,0,3923
83,0,2013-11-22,-0.9749279121818236,-0.2225209339563146,-0.5000000000000004,0.8660254037844384,-0.622046748440868,0.7829801036770625,3923.0,3718.0,4373.0,3720.1428571428573,4325.0,1839.7939584431203,3181.233333333333,3611.0,1650.1832851876284,2710.0,1,0,1,0,0,0,1,0,0,4361
83,0,2013-11-23,-0.7818314824680299,0.6234898018587334,-0.5000000000000004,0.8660254037844384,-0.6084768701151264,0.7935716089521472,4361.0,3044.0,2770.0,3745.5714285714284,4325.0,1830.0957039767843,3143.633333333333,3366.0,1635.4191170784748,2710.0,0,0,1,0,0,0,1,0,0,3222
83,0,2013-11-24,-2.4492935982947064e-16,1.0,-0.5000000000000004,0.8660254037844384,-0.594726686960764,0.8039279618328208,3222.0,0.0,0.0,3745.5714285714284,4325.0,1830.0957039767843,3016.8,3226.5,1727.323011543263,2710.0,0,0,1,0,0,0,1,0,0,0
83,0,2013-11-25,0.7818314824680298,0.6234898018587336,-0.5000000000000004,0.8660254037844384,-0.5808002734538014,0.8140460935082175,0.0,5846.0,2939.0,3434.0,3923.0,1581.7003508882458,3058.133333333333,3366.0,1727.5094836474689,2710.0,0,0,1,0,0,0,1,0,0,3665
83,0,2013-11-26,0.9749279121818236,-0.22252093395631434,-0.5000000000000004,0.8660254037844384,-0.5667017562911184,0.8239230057575536,3665.0,4542.0,3225.0,3282.8571428571427,3665.0,1506.9606750643752,3174.266666666667,3494.0,1629.1414691292994,2710.0,0,0,1,0,0,0,1,0,0,3484
83,0,2013-11-27,0.43388373911755823,-0.900968867902419,-0.5000000000000004,0.8660254037844384,-0.5524353131676203,0.8335557718385695,3484.0,4325.0,3865.0,3235.0,3665.0,1473.2922317042205,3216.5333333333333,3584.5,1633.4460871238512,2710.0,0,0,1,0,0,0,1,0,0,3990
83,0,2013-11-28,-0.433883739117558,-0.9009688679024191,-0.5000000000000004,0.8660254037844384,-0.5380051715382992,0.8429415373547832,3990.0,3923.0,2905.0,3144.1428571428573,3484.0,1443.093601557829,3218.5,3584.5,1633.4958862344333,2710.0,0,0,1,0,0,0,1,0,0,3287
83,0,2013-11-29,-0.9749279121818236,-0.2225209339563146,-0.5000000000000004,0.8660254037844384,-0.5234156073655503,0.8520775211013093,3287.0,4361.0,3718.0,3122.0,3484.0,1422.350285032958,3260.733333333333,3691.5,1642.3750870117249,2710.0,0,0,1,0,0,0,1,0,0,4206
83,0,2013-11-30,-0.7818314824680299,0.6234898018587334,-0.5000000000000004,0.8660254037844384,-0.5086709438521042,0.8609610158889945,4206.0,3222.0,3044.0,3139.5714285714284,3484.0,1424.5496197211323,3245.266666666667,3584.5,1639.215643665217,2710.0,0,0,1,0,0,0,1,0,0,3345
83,0,2013-12-01,-2.4492935982947064e-16,1.0,-2.4492935982947064e-16,1.0,-0.4937755501599774,0.8695893893466109,3345.0,0.0,0.0,3139.5714285714284,3484.0,1424.5496197211323,3245.266666666667,3584.5,1639.215643665217,2710.0,0,0,1,0,0,0,1,0,0,0
83,0,2013-12-02,0.7818314824680298,0.6234898018587336,-2.4492935982947064e-16,1.0,-0.4787338401157883,0.8779600847008883,0.0,3665.0,5846.0,3478.1428571428573,3484.0,1801.9002403547415,3329.633333333333,3691.5,1716.3106680305264,2710.0,1,0,1,0,0,0,1,0,0,6035
83,0,2013-12-03,0.9749279121818236,-0.22252093395631434,-2.4492935982947064e-16,1.0,-0.4635502709028512,0.8860706215341377,6035.0,3484.0,4542.0,3619.5714285714284,3990.0,1840.8670834820248,3478.766666666667,3791.5,1607.9741094873382,2710.0,1,0,1,0,0,0,1,0,0,4474
83,0,2013-12-04,0.43388373911755823,-0.900968867902419,-2.4492935982947064e-16,1.0,-0.4482293417404106,0.893918596519257,4474.0,3990.0,4325.0,3700.5714285714284,4206.0,1872.0923105038423,3457.3333333333335,3791.5,1588.4063002621947,2710.0,1,0,1,0,0,0,1,0,0,4557
83,0,2013-12-05,-0.433883739117558,-0.9009688679024191,-2.4492935982947064e-16,1.0,-0.4327755925504317,0.9015016841318838,4557.0,3287.0,3923.0,3977.8571428571427,4474.0,1943.0286864044156,3453.9,3791.5,1584.3227934335519,2710.0,1,0,1,0,0,0,1,0,0,5228
83,0,2013-12-06,-0.9749279121818236,-0.2225209339563146,-2.4492935982947064e-16,1.0,-0.41719360261231697,0.9088176373395028,5228.0,4206.0,4361.0,3904.8571428571427,4474.0,1942.6278961389223,3435.8333333333335,3706.5,1578.1632074013737,2710.0,1,0,1,0,0,0,1,0,0,3695
83,0,2013-12-07,-0.7818314824680299,0.6234898018587334,-2.4492935982947064e-16,1.0,-0.4014879892059737,0.9158642882672868,3695.0,3345.0,3222.0,3892.1428571428573,4474.0,1947.1886938670843,3409.3333333333335,3680.0,1574.1469136478702,2710.0,0,0,1,0,0,0,1,0,0,3256
83,0,2013-12-08,-2.4492935982947064e-16,1.0,-2.4492935982947064e-16,1.0,-0.38566340624360745,0.9226395488404875,3256.0,0.0,0.0,3892.1428571428573,4474.0,1947.1886938670843,3263.5666666666666,3574.5,1680.6985346479617,2710.0,0,0,1,0,0,0,1,0,0,0
83,0,2013-12-09,0.7818314824680298,0.6234898018587336,-2.4492935982947064e-16,1.0,-0.3697245428906732,0.9291414114031743,0.0,6035.0,3665.0,3665.285714285714,4447.0,1737.0973599931683,3319.4666666666667,3680.0,1691.569781722519,2710.0,0,0,1,0,0,0,1,0,0,4447
83,0,2013-12-10,0.9749279121818236,-0.22252093395631434,-2.4492935982947064e-16,1.0,-0.3536761221763721,0.935367949313148,4447.0,4474.0,3484.0,3560.5714285714284,3741.0,1701.9597387661524,3444.1666666666665,3706.5,1572.0968883744954,2710.0,0,0,1,0,0,0,1,0,0,3741
83,0,2013-12-11,0.43388373911755823,-0.900968867902419,-2.4492935982947064e-16,1.0,-0.33752289959411347,0.941317317512847,3741.0,4557.0,3990.0,3398.0,3695.0,1644.2915394377808,3460.1666666666665,3706.5,1569.2182346047605,2710.0,0,0,1,0,0,0,1,0,0,3419
83,0,2013-12-12,-0.433883739117558,-0.9009688679024191,-2.4492935982947064e-16,1.0,-0.32126966169236515,0.946987753076075,3419.0,5228.0,3287.0,3159.1428571428573,3556.0,1443.3100185073938,3471.2,3706.5,1568.6712892741718,2710.0,0,0,1,0,0,0,1,0,0,3556
83,0,2013-12-13,-0.9749279121818236,-0.2225209339563146,-2.4492935982947064e-16,1.0,-0.3049212246562894,0.9523775757303973,3556.0,3695.0,4206.0,3257.1428571428573,3556.0,1507.615493483162,3488.4,3706.5,1575.950082353167,2710.0,0,0,1,0,0,0,1,0,0,4381
83,0,2013-12-14,-0.7818314824680299,0.6234898018587334,-2.4492935982947064e-16,1.0,-0.2884824328806098,0.9574851883550389,4381.0,3256.0,3345.0,3333.5714285714284,3741.0,1521.048964491595,3517.9333333333334,3729.5,1572.9391099715683,2710.0,0,0,1,0,0,0,1,0,0,3791
83,0,2013-12-15,-2.4492935982947064e-16,1.0,-2.4492935982947064e-16,1.0,-0.27195815753410524,0.9623090774541487,3791.0,0.0,0.0,3333.5714285714284,3741.0,1521.048964491595,3394.0,3718.0,1698.1230002970692,2710.0,0,0,1,0,0,0,1,0,0,0
83,0,2013-12-16,0.7818314824680298,0.6234898018587336,-2.4492935982947064e-16,1.0,-0.2553532951161881,0.9668478136052773,0.0,4447.0,6035.0,3747.4285714285716,3741.0,2141.8998464869796,3537.3333333333335,3766.0,1842.8678612485967,2710.0,1,0,1,0,0,0,1,0,0,7344
83,0,2013-12-17,0.9749279121818236,-0.22252093395631434,-2.4492935982947064e-16,1.0,-0.23867276600594997,0.9711000518829505,7344.0,3741.0,4474.0,4031.5714285714284,3791.0,2269.0599270140365,3728.3333333333335,3857.0,1758.6174690076402,2710.0,1,0,1,0,0,0,1,0,0,5730
83,0,2013-12-18,0.43388373911755823,-0.900968867902419,-2.4492935982947064e-16,1.0,-0.22192151300416674,0.9750645322571945,5730.0,3419.0,4557.0,4398.142857142857,4381.0,2359.0893319648717,3732.9666666666667,3857.0,1764.562219485833,2710.0,1,0,1,0,0,0,1,0,0,5985
83,0,2013-12-19,-0.433883739117558,-0.9009688679024191,-2.4492935982947064e-16,1.0,-0.20510449986861926,0.9787400799669153,5985.0,3556.0,5228.0,4722.857142857143,5730.0,2380.192109093394,3775.866666666667,3857.0,1800.1946586953839,2710.0,1,0,1,0,0,0,1,0,0,5829
83,0,2013-12-20,-0.9749279121818236,-0.2225209339563146,-2.4492935982947064e-16,1.0,-0.1882267098432439,0.9821256058680006,5829.0,4381.0,3695.0,4993.428571428572,5829.0,2441.7106610695973,3840.866666666667,3857.0,1855.0740617863835,2710.0,1,0,1,0,0,0,1,0,0,6275
83,0,2013-12-21,-0.7818314824680299,0.6234898018587334,-2.4492935982947064e-16,1.0,-0.1712931441814778,0.9852201067560606,6275.0,3791.0,3256.0,5192.857142857143,5829.0,2383.4477428416835,3883.0,3890.5,1871.2872759054135,2710.0,0,0,1,0,0,0,1,0,0,5187
83,0,2013-12-22,-2.4492935982947064e-16,1.0,-2.4492935982947064e-16,1.0,-0.154308820664281,0.9880226656636976,5187.0,0.0,0.0,5192.857142857143,5829.0,2383.4477428416835,3737.633333333333,3766.0,1997.9733435682222,2710.0,0,0,1,0,0,0,1,0,0,0
83,0,2013-12-23,0.7818314824680298,0.6234898018587336,-2.4492935982947064e-16,1.0,-0.13727877211326517,0.9905324521322227,0.0,7344.0,4447.0,5128.285714285715,5829.0,2320.7550290286736,3859.9666666666667,3890.5,2076.138781543727,2710.0,0,0,1,0,0,0,1,0,0,6892
83,0,2013-12-24,0.9749279121818236,-0.22252093395631434,-2.4492935982947064e-16,1.0,-0.12020804489935275,0.9927487224577402,6892.0,5730.0,3741.0,4723.285714285715,5829.0,2442.428894515025,3956.4666666666667,3890.5,1954.2408832805243,2710.0,0,0,1,0,0,0,1,0,0,2895
83,0,2013-12-25,0.43388373911755823,-0.900968867902419,-2.4492935982947064e-16,1.0,-0.10310169744743544,0.9946708199115211,2895.0,5985.0,3419.0,3868.285714285714,5187.0,2926.689922892738,3834.3,3890.5,2083.379220368211,2710.0,0,0,1,0,0,0,1,0,0,0
83,0,2013-12-26,-0.433883739117558,-0.9009688679024191,-2.4492935982947064e-16,1.0,-0.0859647987374467,0.9962981749346077,0.0,5829.0,3556.0,3035.5714285714284,2895.0,3099.9576802026877,3718.1666666666665,3890.5,2197.5545826391085,2710.0,0,0,1,0,0,0,1,0,0,0
83,0,2013-12-27,-0.9749279121818236,-0.2225209339563146,-2.4492935982947064e-16,1.0,-0.06880242680232064,0.9976303053065857,0.0,6275.0,4381.0,2733.5714285714284,2895.0,2822.312577606226,3723.866666666667,3976.0,2198.5055383825706,2710.0,0,0,1,0,0,0,1,0,0,4161
83,0,2013-12-28,-0.7818314824680299,0.6234898018587334,-2.4492935982947064e-16,1.0,-0.05161966722325418,0.9986668162884759,4161.0,5187.0,3791.0,2429.4285714285716,2895.0,2621.421742562797,3716.233333333333,3976.0,2200.47133952977,2710.0,0,0,1,0,0,0,1,0,0,3058
83,0,2013-12-29,-2.4492935982947064e-16,1.0,-2.4492935982947064e-16,1.0,-0.034421611622745804,0.9994074007397048,3058.0,0.0,0.0,2429.4285714285716,2895.0,2621.421742562797,3576.0333333333333,3766.0,2299.9324350395846,2710.0,0,0,1,0,0,0,1,0,0,0
83,0,2013-12-30,0.7818314824680298,0.6234898018587336,-2.4492935982947064e-16,1.0,-0.01721335615583528,0.9998518392091162,0.0,6892.0,7344.0,2174.714285714286,2895.0,2161.886345631656,3634.8333333333335,3976.0,2316.31301981125,2710.0,0,0,1,0,0,0,1,0,0,5109
83,0,2013-12-31,0.9749279121818236,-0.22252093395631434,-2.4492935982947064e-16,1.0,6.432490598706546e-16,1.0,5109.0,2895.0,5730.0,2184.0,2960.0,2165.632086327998,3733.5,3976.0,2217.059309707029,2710.0,0,0,1,0,0,0,1,0,0,2960
83,0,2014-01-01,0.43388373911755823,-0.900968867902419,0.49999999999999994,0.8660254037844387,0.017213356155834685,0.9998518392091162,2960.0,0.0,5985.0,2184.0,2960.0,2165.632086327998,3532.3333333333335,3766.0,2274.0916084621895,2710.0,0,0,1,0,0,0,1,0,0,0
83,0,2014-01-02,-0.433883739117558,-0.9009688679024191,0.49999999999999994,0.8660254037844387,0.03442161162274574,0.9994074007397048,0.0,0.0,5829.0,2619.8571428571427,3051.0,1949.0085880237912,3484.9,3718.0,2268.6068541333198,2710.0,0,0,1,0,0,0,1,0,0,3051
83,0,2014-01-03,-0.9749279121818236,-0.2225209339563146,0.49999999999999994,0.8660254037844387,0.051619667223253764,0.998666816288476,3051.0,4161.0,6275.0,2524.4285714285716,3051.0,1875.9583201786859,3449.4333333333334,3625.5,2259.567134062035,2710.0,0,0,1,0,0,0,1,0,0,3493
83,0,2014-01-04,-0.7818314824680299,0.6234898018587334,0.49999999999999994,0.8660254037844387,0.06880242680231986,0.9976303053065857,3493.0,3058.0,5187.0,2456.8571428571427,2960.0,1862.0028131532172,3361.3333333333335,3524.5,2239.263754210193,2710.0,0,0,1,0,0,0,1,0,0,2585
83,0,2014-01-05,-2.4492935982947064e-16,1.0,0.49999999999999994,0.8660254037844387,0.08596479873744647,0.9962981749346078,2585.0,0.0,0.0,2456.8571428571427,2960.0,1862.0028131532172,3238.1666666666665,3456.0,2320.425720204914,2710.0,0,0,1,0,0,0,1,0,0,0
83,0,2014-01-06,0.7818314824680298,0.6234898018587336,0.49999999999999994,0.8660254037844387,0.10310169744743485,0.9946708199115211,0.0,5109.0,6892.0,2572.285714285714,2960.0,2067.5181348890883,3326.866666666667,3524.5,2371.4297263731905,2710.0,1,0,1,0,0,0,1,0,0,5917
83,0,2014-01-07,0.9749279121818236,-0.22252093395631434,0.49999999999999994,0.8660254037844387,0.1202080448993527,0.9927487224577402,5917.0,2960.0,2895.0,2882.0,3051.0,2286.105859316233,3497.8,3648.5,2307.30610796705,2710.0,1,0,1,0,0,0,1,0,0,5128
83,0,2014-01-08,0.43388373911755823,-0.900968867902419,0.49999999999999994,0.8660254037844387,0.13727877211326478,0.9905324521322229,5128.0,0.0,0.0,3448.1428571428573,3493.0,1913.8396335265782,3481.6666666666665,3648.5,2302.1264882312785,2710.0,1,0,1,0,0,0,1,0,0,3963
83,0,2014-01-09,-0.433883739117558,-0.9009688679024191,0.49999999999999994,0.8660254037844387,0.15430882066428117,0.9880226656636976,3963.0,3051.0,0.0,3578.5714285714284,3963.0,1913.3738837581172,3489.1,3673.5,2303.3524196191743,2710.0,1,0,1,0,0,0,1,0,0,3964
83,0,2014-01-10,-0.9749279121818236,-0.2225209339563146,0.49999999999999994,0.8660254037844387,0.1712931441814776,0.9852201067560606,3964.0,3493.0,4161.0,3685.8571428571427,3964.0,1928.7689881175013,3516.6,3877.0,2307.4079441420067,2710.0,1,0,1,0,0,0,1,0,0,4244
83,0,2014-01-11,-0.7818314824680299,0.6234898018587334,0.49999999999999994,0.8660254037844387,0.1882267098432442,0.9821256058680006,4244.0,2585.0,3058.0,3764.5714285714284,3964.0,1887.1488068108508,3502.6,3877.0,2308.434573322435,2710.0,0,0,1,0,0,0,1,0,0,3136
83,0,2014-01-12,-2.4492935982947064e-16,1.0,0.49999999999999994,0.8660254037844387,0.2051044998686192,0.9787400799669153,3136.0,0.0,0.0,3764.5714285714284,3964.0,1887.148806810851,3356.5666666666666,3642.0,2388.1466148507247,2710.0,0,0,1,0,0,0,1,0,0,0
83,0,2014-01-13,0.7818314824680298,0.6234898018587336,0.49999999999999994,0.8660254037844387,0.22192151300416552,0.9750645322571948,0.0,5917.0,5109.0,3352.714285714286,3963.0,1637.141076621655,3331.3333333333335,3314.5,2387.3972169005215,2710.0,0,0,1,0,0,0,1,0,0,3034
83,0,2014-01-14,0.9749279121818236,-0.22252093395631434,0.49999999999999994,0.8660254037844387,0.2386727660059501,0.9711000518829505,3034.0,5128.0,2960.0,3086.4285714285716,3264.0,1439.9803074050342,3440.133333333333,3378.5,2303.2355612430747,2710.0,0,0,1,0,0,0,1,0,0,3264
83,0,2014-01-15,0.43388373911755823,-0.900968867902419,0.49999999999999994,0.8660254037844387,0.255353295116187,0.9668478136052775,3264.0,3963.0,0.0,2905.5714285714284,3136.0,1390.1781489126852,3285.233333333333,3200.0,2184.8552336376915,2710.0,0,0,1,0,0,0,1,0,0,2697
83,0,2014-01-16,-0.433883739117558,-0.9009688679024191,0.49999999999999994,0.8660254037844387,0.2719581575341055,0.9623090774541486,2697.0,3964.0,3051.0,2713.1428571428573,3034.0,1310.176378529685,3181.4666666666667,3097.0,2138.1655484652415,2710.0,0,0,1,0,0,0,1,0,0,2617
83,0,2014-01-17,-0.9749279121818236,-0.2225209339563146,0.49999999999999994,0.8660254037844387,0.288482432880609,0.9574851883550393,2617.0,4244.0,3493.0,2623.714285714286,3034.0,1205.4482865011635,3102.5666666666666,3097.0,2073.8504199598883,2710.0,0,0,1,0,0,0,1,0,0,3618
83,0,2014-01-18,-0.7818314824680299,0.6234898018587334,0.49999999999999994,0.8660254037844387,0.30492122465628907,0.9523775757303974,3618.0,3136.0,2585.0,2611.4285714285716,3034.0,1199.781904784215,3009.9333333333334,3054.5,2008.91725741167,2710.0,0,0,1,0,0,0,1,0,0,3050
83,0,2014-01-19,-2.4492935982947064e-16,1.0,0.49999999999999994,0.8660254037844387,0.3212696616923644,0.9469877530760753,3050.0,0.0,0.0,2611.4285714285716,3034.0,1199.781904784215,2800.766666666667,3050.5,1983.7549327810943,2710.0,0,0,1,0,0,0,1,0,0,0
83,0,2014-01-20,0.7818314824680298,0.6234898018587336,0.49999999999999994,0.8660254037844387,0.3375228995941133,0.9413173175128471,0.0,3034.0,5917.0,2983.4285714285716,3050.0,1665.8201040471424,2815.8,3050.5,2004.066803208947,2710.0,1,0,1,0,0,0,1,0,0,5638
83,0,2014-01-21,0.9749279121818236,-0.22252093395631434,0.49999999999999994,0.8660254037844387,0.3536761221763716,0.9353679493131483,5638.0,3264.0,5128.0,3175.0,3050.0,1776.8706574574705,2969.3,3054.5,1956.7554804688343,2710.0,1,0,1,0,0,0,1,0,0,4605
83,0,2014-01-22,0.43388373911755823,-0.900968867902419,0.49999999999999994,0.8660254037844387,0.3697245428906731,0.9291414114031743,4605.0,2697.0,3963.0,3404.4285714285716,3618.0,1808.2705233770448,2883.0,3054.5,1830.8243668000916,2710.0,1,0,1,0,0,0,1,0,0,4303
83,0,2014-01-23,-0.433883739117558,-0.9009688679024191,0.49999999999999994,0.8660254037844387,0.38566340624360707,0.9226395488404876,4303.0,2617.0,3964.0,3510.1428571428573,3618.0,1775.904973862757,2898.4,3097.0,1832.8707010851972,2710.0,1,0,1,0,0,0,1,0,0,3357
83,0,2014-01-24,-0.9749279121818236,-0.2225209339563146,0.49999999999999994,0.8660254037844387,0.401487989205973,0.9158642882672872,3357.0,3618.0,4244.0,3581.5714285714284,4118.0,1790.9575518087956,3035.6666666666665,3200.0,1761.1171284812024,2710.0,1,0,1,0,0,0,1,0,0,4118
83,0,2014-01-25,-0.7818314824680299,0.6234898018587334,0.49999999999999994,0.8660254037844387,0.4171936026123168,0.9088176373395029,4118.0,3050.0,3136.0,3600.285714285714,4118.0,1785.1522544109716,3141.7,3222.5,1665.1916147378035,2710.0,0,0,1,0,0,0,1,0,0,3181
83,0,2014-01-26,-2.4492935982947064e-16,1.0,0.49999999999999994,0.8660254037844387,0.4327755925504312,0.901501684131884,3181.0,0.0,0.0,3600.285714285714,4118.0,1785.1522544109716,3003.0,3158.5,1748.56794608301,2710.0,0,0,1,0,0,0,1,0,0,0
83,0,2014-01-27,0.7818314824680298,0.6234898018587336,0.49999999999999994,0.8660254037844387,0.4482293417404106,0.893918596519257,0.0,5638.0,3034.0,3257.714285714286,3357.0,1542.5439717434035,3009.0666666666666,3210.5,1749.0809987618854,2710.0,0,0,1,0,0,0,1,0,0,3240
83,0,2014-01-28,0.9749279121818236,-0.22252093395631434,0.49999999999999994,0.8660254037844387,0.4635502709028509,0.886070621534138,3240.0,4605.0,3264.0,3103.8571428571427,3357.0,1435.7821827110436,3126.6666666666665,3252.0,1655.9106533729448,2710.0,0,0,1,0,0,0,1,0,0,3528
83,0,2014-01-29,0.43388373911755823,-0.900968867902419,0.49999999999999994,0.8660254037844387,0.47873384011578846,0.8779600847008882,3528.0,4303.0,2697.0,2958.5714285714284,3286.0,1342.6528289351772,3065.9,3252.0,1613.5645558396661,2710.0,0,0,1,0,0,0,1,0,0,3286
83,0,2014-01-30,-0.433883739117558,-0.9009688679024191,0.49999999999999994,0.8660254037844387,0.4937755501599772,0.869589389346611,3286.0,3357.0,2617.0,2948.8571428571427,3286.0,1339.532061153132,3076.866666666667,3275.0,1613.9379711477866,2710.0,0,0,1,0,0,0,1,0,0,3289
83,0,2014-01-31,-0.9749279121818236,-0.2225209339563146,0.49999999999999994,0.8660254037844387,0.5086709438521044,0.8609610158889943,3289.0,4118.0,3618.0,2887.4285714285716,3286.0,1285.7617530920347,3199.8,3287.5,1508.5054809999488,2710.0,0,0,1,0,0,0,1,0,0,3688
83,0,2014-02-01,-0.7818314824680299,0.6234898018587334,0.8660254037844386,0.5000000000000001,0.5234156073655503,0.8520775211013093,3688.0,3181.0,3050.0,2902.4285714285716,3286.0,1290.3616879442375,3207.633333333333,3287.5,1508.3162908797754,2710.0,0,0,1,0,0,0,1,0,0,3286
83,0,2014-02-02,-2.4492935982947064e-16,1.0,0.8660254037844386,0.5000000000000001,0.5380051715382996,0.8429415373547828,3286.0,0.0,0.0,2902.4285714285716,3286.0,1290.3616879442375,3091.2,3286.0,1616.4701731518726,2710.0,0,0,1,0,0,0,1,0,0,0
83,0,2014-02-03,0.7818314824680298,0.6234898018587336,0.8660254037844386,0.5000000000000001,0.5524353131676196,0.8335557718385699,0.0,3240.0,5638.0,3221.5714285714284,3289.0,1621.5352660511674,3187.5,3287.5,1670.428248828051,2710.0,1,0,1,0,0,0,1,0,0,5474
83,0,2014-02-04,0.9749279121818236,-0.22252093395631434,0.8660254037844386,0.5000000000000001,0.5667017562911176,0.8239230057575542,5474.0,3528.0,4605.0,3379.714285714286,3289.0,1708.0728628375057,3342.0,3323.0,1577.1928139621305,2710.0,1,0,1,0,0,0,1,0,0,4635
83,0,2014-02-05,0.43388373911755823,-0.900968867902419,0.8660254037844386,0.5000000000000001,0.5808002734538009,0.8140460935082178,4635.0,3286.0,4303.0,3449.1428571428573,3688.0,1713.497439796886,3270.5,3323.0,1503.3237371307218,2710.0,1,0,1,0,0,0,1,0,0,3772
83,0,2014-02-06,-0.433883739117558,-0.9009688679024191,0.8660254037844386,0.5000000000000001,0.5947266869607634,0.8039279618328213,3772.0,3289.0,3357.0,3569.714285714286,3772.0,1729.9659644326077,3237.3333333333335,3323.0,1471.5706442164205,2710.0,1,0,1,0,0,0,1,0,0,4133
83,0,2014-02-07,-0.9749279121818236,-0.2225209339563146,0.8660254037844386,0.5000000000000001,0.6084768701151261,0.7935716089521474,4133.0,3688.0,4118.0,3641.285714285714,4133.0,1745.9648444614347,3244.866666666667,3323.0,1475.985462346246,2710.0,1,0,1,0,0,0,1,0,0,4189
83,0,2014-02-08,-0.7818314824680299,0.6234898018587334,0.8660254037844386,0.5000000000000001,0.6220467484408675,0.7829801036770629,4189.0,3286.0,3181.0,3617.1428571428573,4133.0,1752.8513369717964,3216.633333333333,3287.5,1469.843329285019,2710.0,0,0,1,0,0,0,1,0,0,3117
83,0,2014-02-09,-2.4492935982947064e-16,1.0,0.8660254037844386,0.5000000000000001,0.6354323008901774,0.7721565844991642,3117.0,0.0,0.0,3617.1428571428573,4133.0,1752.8513369717964,3075.1666666666665,3286.0,1568.4783551502082,2710.0,0,0,1,0,0,0,1,0,0,0
83,0,2014-02-10,0.7818314824680298,0.6234898018587336,0.8660254037844386,0.5000000000000001,0.6486295610349814,0.7611042586607747,0.0,5474.0,3240.0,3368.0,3772.0,1558.0564816462875,3094.9666666666667,3287.5,1573.0154543233898,2710.0,0,0,1,0,0,0,1,0,0,3730
83,0,2014-02-11,0.9749279121818236,-0.22252093395631434,0.8660254037844386,0.5000000000000001,0.6616346182422783,0.7498264012045686,3730.0,4635.0,3528.0,3105.5714285714284,3730.0,1460.7515026112296,3188.233333333333,3287.5,1462.229773050526,2710.0,0,0,1,0,0,0,1,0,0,2798
83,0,2014-02-12,0.43388373911755823,-0.900968867902419,0.8660254037844386,0.5000000000000001,0.6744436188329455,0.7383263540031065,2798.0,3772.0,3286.0,2977.1428571428573,3117.0,1431.623487347083,3182.866666666667,3287.5,1463.1105441380041,2710.0,0,0,1,0,0,0,1,0,0,2873
83,0,2014-02-13,-0.433883739117558,-0.9009688679024191,0.8660254037844386,0.5000000000000001,0.6870527672236669,0.7266075247685656,2873.0,4133.0,3289.0,2783.8571428571427,2873.0,1337.8227870401322,3166.733333333333,3287.5,1464.8524918873218,2710.0,0,0,1,0,0,0,1,0,0,2780
83,0,2014-02-14,-0.9749279121818236,-0.2225209339563146,0.8660254037844386,0.5000000000000001,0.6994583270516471,0.7146733860429609,2780.0,4189.0,3688.0,2656.0,2873.0,1218.6061710003028,3186.633333333333,3291.5,1462.3040271489656,2710.0,0,0,1,0,0,0,1,0,0,3294
83,0,2014-02-15,-0.7818314824680299,0.6234898018587334,0.8660254037844386,0.5000000000000001,0.7116566222817746,0.702527474169157,3294.0,3117.0,3286.0,2636.285714285714,2873.0,1210.9977586389625,3198.7,3291.5,1458.93111912277,2710.0,0,0,1,0,0,0,1,0,0,2979
83,0,2014-02-16,-2.4492935982947064e-16,1.0,0.8660254037844386,0.5000000000000001,0.7236440382959124,0.6901733882429719,2979.0,0.0,0.0,2636.285714285714,2873.0,1210.9977586389625,3078.1,3287.5,1568.4987188501218,2710.0,0,0,1,0,0,0,1,0,0,0
83,0,2014-02-17,0.7818314824680298,0.6234898018587336,0.8660254037844386,0.5000000000000001,0.7354170229639855,0.6776147890466889,0.0,3730.0,5474.0,2837.1428571428573,2873.0,1503.831155036083,3147.633333333333,3291.5,1612.821205289004,2710.0,1,0,1,0,0,0,1,0,0,5136
83,0,2014-02-18,0.9749279121818236,-0.22252093395631434,0.8660254037844386,0.5000000000000001,0.7469720876965552,0.6648553979642865,5136.0,2798.0,4635.0,3093.1428571428573,2979.0,1642.2176498636904,3300.633333333333,3325.5,1518.9053563699044,2710.0,1,0,1,0,0,0,1,0,0,4590
83,0,2014-02-19,0.43388373911755823,-0.900968867902419,0.8660254037844386,0.5000000000000001,0.7583058084785625,0.6518989958787126,4590.0,2873.0,3772.0,3230.714285714286,3294.0,1660.931737939657,3240.5666666666666,3325.5,1457.68150069597,2710.0,1,0,1,0,0,0,1,0,0,3836
83,0,2014-02-20,-0.433883739117558,-0.9009688679024191,0.8660254037844386,0.5000000000000001,0.7694148268839378,0.6387494220515272,3836.0,2780.0,4133.0,3412.285714285714,3836.0,1672.8774326775747,3222.1,3325.5,1443.2377238647132,2710.0,1,0,1,0,0,0,1,0,0,4051
83,0,2014-02-21,-0.9749279121818236,-0.2225209339563146,0.8660254037844386,0.5000000000000001,0.7802958510707755,0.6254105729852463,4051.0,3294.0,4189.0,3560.285714285714,4051.0,1706.1649699726904,3223.0,3325.5,1443.9432599416868,2710.0,1,0,1,0,0,0,1,0,0,4330
83,0,2014-02-22,-0.7818314824680299,0.6234898018587334,0.8660254037844386,0.5000000000000001,0.7909456567567772,0.6118864012687243,4330.0,2979.0,3117.0,3565.1428571428573,4051.0,1704.281708772687,3211.5333333333333,3291.5,1444.2083079603165,2710.0,0,0,1,0,0,0,1,0,0,3013
83,0,2014-02-23,-2.4492935982947064e-16,1.0,0.8660254037844386,0.5000000000000001,0.8013610881746766,0.5981809144059164,3013.0,0.0,0.0,3565.1428571428573,4051.0,1704.281708772687,3074.266666666667,3287.5,1547.1151336541184,2710.0,0,0,1,0,0,0,1,0,0,0
83,0,2014-02-24,0.7818314824680298,0.6234898018587336,0.8660254037844386,0.5000000000000001,0.8115390590073611,0.5842981736283683,0.0,5136.0,3730.0,3237.4285714285716,3836.0,1566.89840737925,3062.9666666666667,3287.5,1547.5466342108925,2710.0,0,0,1,0,0,0,1,0,0,2842
83,0,2014-02-25,0.9749279121818236,-0.22252093395631434,0.8660254037844386,0.5000000000000001,0.8214765533024142,0.5702422926917871,2842.0,4590.0,2798.0,3031.0,3145.0,1449.8176896883786,3167.8,3287.5,1435.3586695822123,2710.0,0,0,1,0,0,0,1,0,0,3145
83,0,2014-02-26,0.43388373911755823,-0.900968867902419,0.8660254037844386,0.5000000000000001,0.8311706263658079,0.5560174366570446,3145.0,3836.0,2873.0,3014.4285714285716,3145.0,1439.7107182975915,3183.8,3291.5,1438.8622516802418,2710.0,0,0,1,0,0,0,1,0,0,3720
83,0,2014-02-27,-0.433883739117558,-0.9009688679024191,0.8660254037844386,0.5000000000000001,0.8406184056344782,0.5416278206559814,3720.0,4051.0,2780.0,2798.0,3013.0,1370.1049838120741,3150.733333333333,3287.5,1442.0744381124928,2710.0,0,0,1,0,0,0,1,0,0,2536
83,0,2014-02-28,-0.9749279121818236,-0.2225209339563146,0.8660254037844386,0.5000000000000001,0.8498170915275278,0.5270777086423722,2536.0,4330.0,3294.0,2767.0,3013.0,1331.5780112332952,3178.3,3291.5,1452.6152906942057,2710.0,0,0,1,0,0,0,1,0,0,4113
83,0,2014-03-01,-0.7818314824680299,0.6234898018587334,1.0,6.123233995736766e-17,0.8587639582758029,0.5123714121284237,4113.0,3013.0,2979.0,2822.1428571428573,3145.0,1351.309417882211,3181.9666666666667,3346.5,1453.0431202119892,2710.0,0,0,1,0,0,0,1,0,0,3399
83,0,2014-03-02,-2.4492935982947064e-16,1.0,1.0,6.123233995736766e-17,0.8674563547295968,0.49751328890718066,3399.0,0.0,0.0,2822.1428571428573,3145.0,1351.309417882211,3059.0333333333333,3290.0,1560.770797269473,2710.0,0,0,1,0,0,0,1,0,0,0
83,0,2014-03-03,0.7818314824680298,0.6234898018587336,1.0,6.123233995736766e-17,0.8758917051442429,0.48250774176121847,0.0,2842.0,5136.0,2612.8571428571427,3145.0,1457.0325355062698,2995.4,3219.5,1589.84281591305,2710.0,1,0,1,0,0,0,1,0,0,1377
83,0,2014-03-04,0.9749279121818236,-0.22252093395631434,1.0,6.123233995736766e-17,0.8840675099433636,0.46735921715800227,1377.0,3145.0,4590.0,2995.0,3399.0,1902.5430349929052,3189.4,3346.5,1566.6488416691977,2710.0,1,0,1,0,0,0,1,0,0,5820
83,0,2014-03-05,0.43388373911755823,-0.900968867902419,1.0,6.123233995736766e-17,0.8919813464595485,0.45207220393230435,5820.0,3720.0,3836.0,3216.0,3399.0,2082.166019637566,3182.5,3346.5,1556.6638232517257,2710.0,1,0,1,0,0,0,1,0,0,5267
83,0,2014-03-06,-0.433883739117558,-0.9009688679024191,1.0,6.123233995736766e-17,0.8996308696522433,0.43665123195606403,5267.0,2536.0,4051.0,3556.5714285714284,4113.0,2146.3840023896682,3192.0,3346.5,1566.6712790345377,2710.0,1,0,1,0,0,0,1,0,0,4920
83,0,2014-03-07,-0.9749279121818236,-0.2225209339563146,1.0,6.123233995736766e-17,0.9070138128026359,0.4211008707960896,4920.0,4113.0,4330.0,3541.0,4004.0,2142.0655140930385,3199.733333333333,3346.5,1570.20158893215,2710.0,1,0,1,0,0,0,1,0,0,4004
83,0,2014-03-08,-0.7818314824680299,0.6234898018587334,1.0,6.123233995736766e-17,0.9141279881853337,0.40542572835999735,4004.0,3399.0,3013.0,3482.4285714285716,4004.0,2152.1769488235923,3161.6,3219.5,1560.6171988605345,2710.0,0,0,1,0,0,0,1,0,0,2989
83,0,2014-03-09,-2.4492935982947064e-16,1.0,1.0,6.123233995736766e-17,0.9209712877166346,0.38963044953078796,2989.0,0.0,0.0,3482.4285714285716,4004.0,2152.1769488235923,3021.9666666666667,3131.0,1650.3447389776643,2710.0,0,0,1,0,0,0,1,0,0,0
83,0,2014-03-10,0.7818314824680298,0.6234898018587336,1.0,6.123233995736766e-17,0.9275416835791966,0.37371971479046906,0.0,1377.0,2842.0,3782.8571428571427,4004.0,1946.2172222520487,3034.0666666666666,3219.5,1652.3949793605896,2710.0,0,0,1,0,0,0,1,0,0,3480
83,0,2014-03-11,0.9749279121818236,-0.22252093395631434,1.0,6.123233995736766e-17,0.9338372288229252,0.35769823883312546,3480.0,5820.0,3145.0,3435.0,3480.0,1726.647811994871,3146.9,3339.5,1550.5006833166854,2710.0,0,0,1,0,0,0,1,0,0,3385
83,0,2014-03-12,0.43388373911755823,-0.900968867902419,1.0,6.123233995736766e-17,0.9398560579418954,0.3415707691678556,3385.0,5267.0,3720.0,3108.5714285714284,3385.0,1527.0326188551546,3121.9666666666667,3219.5,1546.8104554396643,2710.0,0,0,1,0,0,0,1,0,0,2982
83,0,2014-03-13,-0.433883739117558,-0.9009688679024191,1.0,6.123233995736766e-17,0.9455963874271426,0.3253420847119801,2982.0,4920.0,2536.0,2856.285714285714,3154.0,1308.066348251719,3133.8333333333335,3224.0,1545.6044701542858,2710.0,0,0,1,0,0,0,1,0,0,3154
83,0,2014-03-14,-0.9749279121818236,-0.2225209339563146,1.0,6.123233995736766e-17,0.9510565162951535,0.30901699437494745,3154.0,4004.0,4113.0,2761.714285714286,3154.0,1233.0375385318116,3149.4666666666667,3318.0,1545.2471007249428,2710.0,0,0,1,0,0,0,1,0,0,3342
83,0,2014-03-15,-0.7818314824680299,0.6234898018587334,1.0,6.123233995736766e-17,0.9562348265919056,0.29260033563334836,3342.0,2989.0,3399.0,2746.0,3154.0,1230.356181491096,3152.766666666667,3318.0,1544.5364148447911,2710.0,0,0,1,0,0,0,1,0,0,2879
83,0,2014-03-16,-2.4492935982947064e-16,1.0,1.0,6.123233995736766e-17,0.9611297838723007,0.27609697309746883,2879.0,0.0,0.0,2746.0,3154.0,1230.356181491096,3042.9666666666667,3248.0,1647.7832441010623,2710.0,0,0,1,0,0,0,1,0,0,0
83,0,2014-03-17,0.7818314824680298,0.6234898018587336,1.0,6.123233995736766e-17,0.9657399376548549,0.2595117970697999,0.0,3480.0,1377.0,2977.5714285714284,3154.0,1511.8724435990955,3113.7,3363.5,1689.9480944895784,2710.0,1,0,1,0,0,0,1,0,0,5101
83,0,2014-03-18,0.9749279121818236,-0.22252093395631434,1.0,6.123233995736766e-17,0.970063921851507,0.2428497220959356,5101.0,3385.0,5820.0,3107.8571428571427,3154.0,1590.1060162319857,3256.9333333333334,3392.0,1596.4552313632591,2710.0,1,0,1,0,0,0,1,0,0,4297
83,0,2014-03-19,0.43388373911755823,-0.900968867902419,1.0,6.123233995736766e-17,0.9741004551724205,0.22611568550828828,4297.0,2982.0,5267.0,3259.285714285714,3342.0,1626.1863069039525,3220.4666666666667,3392.0,1564.2223303771639,2710.0,1,0,1,0,0,0,1,0,0,4042
83,0,2014-03-20,-0.433883739117558,-0.9009688679024191,1.0,6.123233995736766e-17,0.9778483415056568,0.20931464596304847,4042.0,3154.0,4920.0,3295.5714285714284,3408.0,1626.27927666631,3181.0666666666666,3392.0,1543.282773680903,2710.0,1,0,1,0,0,0,1,0,0,3408
83,0,2014-03-21,-0.9749279121818236,-0.2225209339563146,1.0,6.123233995736766e-17,0.9813064702716093,0.19245158197082998,3408.0,3342.0,4004.0,3439.1428571428573,4042.0,1674.702105706311,3198.1,3392.0,1553.546428947826,2710.0,1,0,1,0,0,0,1,0,0,4347
83,0,2014-03-22,-0.7818314824680299,0.6234898018587334,1.0,6.123233995736766e-17,0.9844738167520922,0.1755314904214282,4347.0,2879.0,2989.0,3435.714285714286,4042.0,1676.0640117336152,3158.233333333333,3363.5,1546.2333250199629,2710.0,0,0,1,0,0,0,1,0,0,2855
83,0,2014-03-23,-2.4492935982947064e-16,1.0,1.0,6.123233995736766e-17,0.9873494423939864,0.15855938510313478,2855.0,0.0,0.0,3435.714285714286,4042.0,1676.0640117336152,3013.9,3248.0,1632.754439167348,2710.0,0,0,1,0,0,0,1,0,0,0
83,0,2014-03-24,0.7818314824680298,0.6234898018587336,1.0,6.123233995736766e-17,0.989932495087353,0.141540295217043,0.0,5101.0,3480.0,3208.4285714285716,3510.0,1512.4964856314973,3030.4666666666667,3363.5,1635.2644568014532,2710.0,0,0,1,0,0,0,1,0,0,3510
83,0,2014-03-25,0.9749279121818236,-0.22252093395631434,1.0,6.123233995736766e-17,0.9922222094179323,0.12447926388678915,3510.0,4297.0,3385.0,3040.4285714285716,3408.0,1434.7451407994495,3134.5,3363.5,1531.8276834305254,2710.0,0,0,1,0,0,0,1,0,0,3121
83,0,2014-03-26,0.43388373911755823,-0.900968867902419,1.0,6.123233995736766e-17,0.994217906893952,0.10738134666416309,3121.0,4042.0,2982.0,2949.714285714286,3407.0,1379.8905408625421,3153.3333333333335,3392.0,1531.5807100066127,2710.0,0,0,1,0,0,0,1,0,0,3407
83,0,2014-03-27,-0.433883739117558,-0.9009688679024191,1.0,6.123233995736766e-17,0.995918996147179,0.09025161003104117,3407.0,3408.0,3154.0,2882.4285714285716,3121.0,1365.2247503790848,3146.4,3392.0,1532.0904492971617,2710.0,0,0,1,0,0,0,1,0,0,2937
83,0,2014-03-28,-0.9749279121818236,-0.2225209339563146,1.0,6.123233995736766e-17,0.9973249731081555,0.07309512989807777,2937.0,4347.0,3342.0,2779.1428571428573,3121.0,1259.1872284098552,3143.2,3392.0,1530.950919279051,2710.0,0,0,1,0,0,0,1,0,0,3624
83,0,2014-03-29,-0.7818314824680299,0.6234898018587334,1.0,6.123233995736766e-17,0.9984354211555643,0.055916990100603484,3624.0,2855.0,2879.0,2790.8571428571427,3121.0,1260.3913980151135,3156.5666666666666,3392.0,1527.2126668820717,2710.0,0,0,1,0,0,0,1,0,0,2937
83,0,2014-03-30,-2.4492935982947064e-16,1.0,1.0,6.123233995736766e-17,0.9992500112396835,0.03872228089217446,2937.0,0.0,0.0,2790.8571428571427,3121.0,1260.3913980151135,3019.4666666666667,3363.5,1620.1770174323806,2710.0,0,0,1,0,0,0,1,0,0,0
83,0,2014-03-31,0.7818314824680298,0.6234898018587336,1.0,6.123233995736766e-17,0.9997685019798909,0.021516097436222254,0.0,3510.0,5101.0,3155.4285714285716,3121.0,1769.3850963110406,3108.233333333333,3363.5,1712.0345968815973,2710.0,1,0,1,0,0,0,1,0,0,6062
83,0,2014-04-01,0.9749279121818236,-0.22252093395631434,0.8660254037844387,-0.49999999999999983,0.9999907397361901,0.004303538296244289,6062.0,3121.0,4297.0,3458.4285714285716,3407.0,1936.2452373208375,3282.9666666666667,3396.0,1650.2529060792413,2710.0,1,0,1,0,0,0,1,0,0,5242
83,0,2014-04-02,0.43388373911755823,-0.900968867902419,0.8660254037844387,-0.49999999999999983,0.9999166586547379,-0.01291029607500882,5242.0,3407.0,4042.0,3674.4285714285716,3624.0,2012.3910204151734,3401.0333333333333,3407.5,1635.831634607181,2710.0,1,0,1,0,0,0,1,0,0,4919
83,0,2014-04-03,-0.433883739117558,-0.9009688679024191,0.8660254037844387,-0.49999999999999983,0.9995462806873573,-0.030120304846908114,4919.0,2937.0,3408.0,3865.1428571428573,4272.0,1994.0324661826542,3349.4333333333334,3407.5,1580.3722320877494,2710.0,1,0,1,0,0,0,1,0,0,4272
83,0,2014-04-04,-0.9749279121818236,-0.2225209339563146,0.8660254037844387,-0.49999999999999983,0.9988797155850336,-0.04732138832243185,4272.0,3624.0,4347.0,4025.8571428571427,4749.0,2016.566506761053,3332.1666666666665,3407.5,1561.415098298782,2710.0,1,0,1,0,0,0,1,0,0,4749
83,0,2014-04-05,-0.7818314824680299,0.6234898018587334,0.8660254037844387,-0.49999999999999983,0.9979171608653922,-0.06450844944931623,4749.0,2937.0,2855.0,4050.0,4749.0,2002.3190721427657,3271.7,3396.0,1532.6644176861976,2710.0,0,0,1,0,0,0,1,0,0,3106
83,0,2014-04-06,-2.4492935982947064e-16,1.0,0.8660254037844387,-0.49999999999999983,0.9966589017541702,-0.08167639533042241,3106.0,0.0,0.0,4050.0,4749.0,2002.3190721427657,3138.233333333333,3363.5,1637.4507454205004,2710.0,0,0,1,0,0,0,1,0,0,0
83,0,2014-04-07,0.7818314824680298,0.6234898018587336,0.8660254037844387,-0.49999999999999983,0.9951053111006976,-0.09882013873287143,0.0,6062.0,3510.0,3661.1428571428573,4272.0,1800.6099363430014,3149.9333333333334,3363.5,1637.6016511398868,2710.0,0,0,1,0,0,0,1,0,0,3340
83,0,2014-04-08,0.9749279121818236,-0.22252093395631434,0.8660254037844387,-0.49999999999999983,0.9932568492674143,-0.11593459959550041,3340.0,5242.0,3121.0,3393.285714285714,3367.0,1660.2387091706364,3262.1666666666665,3376.0,1525.8415899008835,2710.0,0,0,1,0,0,0,1,0,0,3367
83,0,2014-04-09,0.43388373911755823,-0.900968867902419,0.8660254037844387,-0.49999999999999983,0.9911140639934547,-0.1330147065341959,3367.0,4919.0,3407.0,3189.714285714286,3367.0,1523.7347444449063,3262.633333333333,3376.0,1525.912649086988,2710.0,0,0,1,0,0,0,1,0,0,3494
83,0,2014-04-10,-0.433883739117558,-0.9009688679024191,0.8660254037844387,-0.49999999999999983,0.9886775902323405,-0.1500553983446526,3494.0,4272.0,2937.0,3057.285714285714,3345.0,1452.6192107460872,3261.3,3356.0,1525.819511855387,2710.0,0,0,1,0,0,0,1,0,0,3345
83,0,2014-04-11,-0.9749279121818236,-0.2225209339563146,0.8660254037844387,-0.49999999999999983,0.9859481499638304,-0.16705162550211924,3345.0,4749.0,3624.0,2843.0,3340.0,1259.235482346339,3270.2,3356.0,1524.912623839418,2710.0,0,0,1,0,0,0,1,0,0,3249
83,0,2014-04-12,-0.7818314824680299,0.6234898018587334,0.8660254037844387,-0.49999999999999983,0.9829265519799822,-0.18399835165768005,3249.0,3106.0,2937.0,2859.5714285714284,3340.0,1264.0275388802397,3272.4666666666667,3356.0,1524.7844784582237,2710.0,0,0,1,0,0,0,1,0,0,3222
83,0,2014-04-13,-2.4492935982947064e-16,1.0,0.8660254037844387,-0.49999999999999983,0.9796136916454901,-0.20089055513063506,3222.0,0.0,0.0,2859.5714285714284,3340.0,1264.0275388802397,3161.0666666666666,3356.0,1637.4493186857292,2710.0,0,0,1,0,0,0,1,0,0,0
83,0,2014-04-14,0.7818314824680298,0.6234898018587336,0.8660254037844387,-0.49999999999999983,0.9760105506323683,-0.21772323039653177,0.0,3340.0,6062.0,3132.285714285714,3345.0,1556.9489088476594,3240.0666666666666,3387.0,1679.9901669115598,2710.0,1,0,1,0,0,0,1,0,0,5249
83,0,2014-04-15,0.9749279121818236,-0.22252093395631434,0.8660254037844387,-0.49999999999999983,0.9721181966290613,-0.23449138957040985,5249.0,3367.0,5242.0,3408.714285714286,3345.0,1763.6240826099854,3416.8,3407.5,1604.574697114684,2710.0,1,0,1,0,0,0,1,0,0,5302
83,0,2014-04-16,0.43388373911755823,-0.900968867902419,0.8660254037844387,-0.49999999999999983,0.9679377830240642,-0.25119006388481935,5302.0,3494.0,4919.0,3581.5714285714284,3345.0,1831.3726051919703,3403.5666666666666,3407.5,1591.7918700229798,2710.0,1,0,1,0,0,0,1,0,0,4704
83,0,2014-04-17,-0.433883739117558,-0.9009688679024191,0.8660254037844387,-0.49999999999999983,0.9634705485641488,-0.2678143051621742,4704.0,3345.0,4272.0,3737.0,4433.0,1853.9782451078913,3408.1,3407.5,1594.6152135579089,2710.0,1,0,1,0,0,0,1,0,0,4433
83,0,2014-04-18,-0.9749279121818236,-0.2225209339563146,0.8660254037844387,-0.49999999999999983,0.9587178169872964,-0.2843591872810034,4433.0,3249.0,4749.0,3272.8571428571427,4433.0,2339.6024184015723,3273.366666666667,3387.0,1706.0728949808963,2710.0,1,0,1,0,0,0,1,0,0,0
83,0,2014-04-19,-0.7818314824680299,0.6234898018587334,0.8660254037844387,-0.49999999999999983,0.9536809966304457,-0.30081980763566735,0.0,3222.0,3106.0,3315.0,4433.0,2341.1900107993533,3277.0,3387.0,1706.4855193016429,2710.0,0,0,1,0,0,0,1,0,0,3517
83,0,2014-04-20,-2.4492935982947064e-16,1.0,0.8660254037844387,-0.49999999999999983,0.9483615800121715,-0.3171912885891061,3517.0,0.0,0.0,3315.0,4433.0,2341.1900107993533,3132.1,3356.0,1794.7686499648198,2710.0,0,0,1,0,0,0,1,0,0,0
83,0,2014-04-21,0.7818314824680298,0.6234898018587336,0.8660254037844387,-0.49999999999999983,0.9427611433904207,-0.3334687789181868,0.0,5249.0,3340.0,2565.1428571428573,3517.0,2456.28082193191,3036.9333333333334,3356.0,1883.468973652774,2710.0,0,0,1,0,0,0,1,0,0,0
83,0,2014-04-22,0.9749279121818236,-0.22252093395631434,0.8660254037844387,-0.49999999999999983,0.9368813462954315,-0.3496474552512284,0.0,5302.0,3367.0,2347.8571428571427,3517.0,2230.744377150933,3162.9666666666667,3387.0,1797.7988933469535,2710.0,0,0,1,0,0,0,1,0,0,3781
83,0,2014-04-23,0.43388373911755823,-0.900968867902419,0.8660254037844387,-0.49999999999999983,0.9307239310379795,-0.36572252349726897,3781.0,4704.0,3494.0,2123.5714285714284,3134.0,2023.6849933675405,3150.4333333333334,3356.0,1796.6063733938856,2710.0,0,0,1,0,0,0,1,0,0,3134
83,0,2014-04-24,-0.433883739117558,-0.9009688679024191,0.8660254037844387,-0.49999999999999983,0.9242907221930934,-0.3816892202666588,3134.0,4433.0,3345.0,1854.142857142857,2547.0,1775.2696911147082,3131.3,3356.0,1799.983930004891,2710.0,0,0,1,0,0,0,1,0,0,2547
83,0,2014-04-25,-0.9749279121818236,-0.2225209339563146,0.8660254037844387,-0.49999999999999983,0.9175836260593937,-0.39754281428255595,2547.0,0.0,3249.0,2278.285714285714,2969.0,1604.9545906645662,3116.7,3342.5,1799.4468335842937,2710.0,0,0,1,0,0,0,1,0,0,2969
83,0,2014-04-26,-0.7818314824680299,0.6234898018587334,0.8660254037844387,-0.49999999999999983,0.9106046300942163,-0.4132786077829042,2969.0,3517.0,3222.0,2236.714285714286,2969.0,1570.9300551250735,3126.3333333333335,3342.5,1799.225203617747,2710.0,0,0,1,0,0,0,1,0,0,3226
83,0,2014-04-27,-2.4492935982947064e-16,1.0,0.8660254037844387,-0.49999999999999983,0.9033558023246845,-0.4288919379124835,3226.0,0.0,0.0,2236.714285714286,2969.0,1570.9300551250735,3005.5333333333333,3294.5,1884.3057577011582,2710.0,0,0,1,0,0,0,1,0,0,0
83,0,2014-04-28,0.7818314824680298,0.6234898018587336,0.8660254037844387,-0.49999999999999983,0.895839290734909,-0.4443781781046132,0.0,0.0,5249.0,2894.285714285714,3134.0,1436.230217651493,3061.0666666666666,3342.5,1906.6338080923952,2710.0,1,0,1,0,0,0,1,0,0,4603
83,0,2014-04-29,0.9749279121818236,-0.22252093395631434,0.8660254037844387,-0.49999999999999983,0.8880573226294932,-0.45973273945210397,4603.0,3781.0,5302.0,3039.285714285714,3134.0,1584.2781441701618,3220.9333333333334,3356.0,1841.0591579274403,2710.0,1,0,1,0,0,0,1,0,0,4796
83,0,2014-04-30,0.43388373911755823,-0.900968867902419,0.8660254037844387,-0.49999999999999983,0.8800122039735357,-0.47495107206704995,4796.0,3134.0,4704.0,3283.0,3226.0,1726.14445127477,3180.2,3356.0,1788.8101111613532,2710.0,1,0,1,0,0,0,1,0,0,4840
83,0,2014-05-01,-0.433883739117558,-0.9009688679024191,0.49999999999999994,-0.8660254037844387,0.8717063187093218,-0.49002866642905923,4840.0,2547.0,4433.0,2919.1428571428573,3226.0,2128.6575134398267,3005.4666666666667,3342.5,1835.8696846047008,2710.0,1,0,1,0,0,0,1,0,0,0
83,0,2014-05-02,-0.9749279121818236,-0.2225209339563146,0.49999999999999994,-0.8660254037844387,0.8631421280499114,-0.5049610547215204,0.0,2969.0,0.0,3325.714285714286,4603.0,2394.9077027647463,3035.3333333333335,3342.5,1874.9456513196023,2710.0,1,0,1,0,0,0,1,0,0,5815
83,0,2014-05-03,-0.7818314824680299,0.6234898018587334,0.49999999999999994,-0.8660254037844387,0.854322169749827,-0.5197438121555155,5815.0,3226.0,3517.0,3335.8571428571427,4603.0,2394.5653348483,3002.8333333333335,3318.5,1861.1699339363115,2710.0,0,0,1,0,0,0,1,0,0,3297
83,0,2014-05-04,-2.4492935982947064e-16,1.0,0.49999999999999994,-0.8660254037844387,0.8452490573530633,-0.5343725582809787,3297.0,0.0,0.0,3335.8571428571427,4603.0,2394.5653348483,2844.5333333333333,3273.0,1908.8793920343217,2710.0,0,0,1,0,0,0,1,0,0,0
83,0,2014-05-05,0.7818314824680298,0.6234898018587336,0.49999999999999994,-0.8660254037844387,0.835925479418637,-0.548842958284719,0.0,4603.0,0.0,3460.714285714286,4796.0,2492.4343999582507,2923.5666666666666,3318.5,1968.23852078772,2710.0,1,0,1,0,0,0,1,0,0,5477
83,0,2014-05-06,0.9749279121818236,-0.22252093395631434,0.49999999999999994,-0.8660254037844387,0.8263541987239096,-0.5631507242749186,5477.0,4796.0,3781.0,3397.285714285714,4352.0,2458.204474427472,3068.633333333333,3342.5,1904.6836371091272,2710.0,1,0,1,0,0,0,1,0,0,4352
83,0,2014-05-07,0.43388373911755823,-0.900968867902419,0.49999999999999994,-0.8660254037844387,0.8165380514459161,-0.5772916165517272,4352.0,4840.0,3134.0,3251.714285714286,3821.0,2387.690216805476,3084.6666666666665,3356.0,1909.0661796179065,2710.0,1,0,1,0,0,0,1,0,0,3821
83,0,2014-05-08,-0.433883739117558,-0.9009688679024191,0.49999999999999994,-0.8660254037844387,0.8064799463209448,-0.5912614448635781,3821.0,0.0,2547.0,3849.5714285714284,4185.0,1914.929577220605,3111.9333333333334,3419.5,1919.053231608523,2710.0,1,0,1,0,0,0,1,0,0,4185
83,0,2014-05-09,-0.9749279121818236,-0.2225209339563146,0.49999999999999994,-0.8660254037844387,0.7961828637826158,-0.6050560696488488,4185.0,5815.0,2969.0,3599.1428571428573,4062.0,1719.7357770474937,3130.866666666667,3431.0,1925.7429508227901,2710.0,1,0,1,0,0,0,1,0,0,4062
83,0,2014-05-10,-0.7818314824680299,0.6234898018587334,0.49999999999999994,-0.8660254037844387,0.7856498550787145,-0.6186714032625031,4062.0,3297.0,3226.0,3584.0,4062.0,1723.302643182562,3125.733333333333,3407.0,1925.3576816526427,2710.0,0,0,1,0,0,0,1,0,0,3191
83,0,2014-05-11,-2.4492935982947064e-16,1.0,0.49999999999999994,-0.8660254037844387,0.7748840413670407,-0.6321034111873487,3191.0,0.0,0.0,3584.0,4062.0,1723.302643182562,3017.4333333333334,3407.0,2007.7969687735065,2710.0,0,0,1,0,0,0,1,0,0,0
83,0,2014-05-12,0.7818314824680298,0.6234898018587336,0.49999999999999994,-0.8660254037844387,0.7638886127905428,-0.6453481132295501,0.0,5477.0,4603.0,3328.1428571428573,3821.0,1515.8796597544117,3032.9,3601.5,2011.211409693856,2710.0,0,0,1,0,0,0,1,0,0,3686
83,0,2014-05-13,0.9749279121818236,-0.22252093395631434,0.49999999999999994,-0.8660254037844387,0.7526668275320084,-0.6584015846980488,3686.0,4352.0,4796.0,3137.1428571428573,3686.0,1448.0880991352544,3133.4,3601.5,1928.0417007938363,2710.0,0,0,1,0,0,0,1,0,0,3015
83,0,2014-05-14,0.43388373911755823,-0.900968867902419,0.49999999999999994,-0.8660254037844387,0.741222010848596,-0.6712599575675313,3015.0,3821.0,4840.0,3011.714285714286,3191.0,1416.6662408962993,3056.5333333333333,3407.0,1886.304848535672,2710.0,0,0,1,0,0,0,1,0,0,2943
83,0,2014-05-15,-0.433883739117558,-0.9009688679024191,0.49999999999999994,-0.8660254037844387,0.7295575540864875,-0.6839194216246106,2943.0,4185.0,0.0,2841.8571428571427,3015.0,1320.5647060470606,2979.6666666666665,3261.5,1838.0135704225527,2710.0,0,0,1,0,0,0,1,0,0,2996
83,0,2014-05-16,-0.9749279121818236,-0.2225209339563146,0.49999999999999994,-0.8660254037844387,0.717676913675962,-0.6963762255968722,2996.0,4062.0,5815.0,2745.0,3015.0,1238.4700238600924,2935.6666666666665,3261.5,1810.9113981512214,2710.0,0,0,1,0,0,0,1,0,0,3384
83,0,2014-05-17,-0.7818314824680299,0.6234898018587334,0.49999999999999994,-0.8660254037844387,0.705583610107178,-0.7086266782644596,3384.0,3191.0,3297.0,2690.0,2996.0,1223.824469984708,2881.4333333333334,3208.5,1788.7500101608841,2710.0,0,0,1,0,0,0,1,0,0,2806
83,0,2014-05-18,-2.4492935982947064e-16,1.0,0.49999999999999994,-0.8660254037844387,0.6932812268869777,-0.7206671495538609,2806.0,0.0,0.0,2690.0,2996.0,1223.824469984708,2881.4333333333334,3208.5,1788.7500101608841,2710.0,0,0,1,0,0,0,1,0,0,0
83,0,2014-05-19,0.7818314824680298,0.6234898018587336,0.49999999999999994,-0.8660254037844387,0.6807734094770161,-0.7324940716135789,0.0,3686.0,5477.0,2961.714285714286,2996.0,1626.6563573053525,2950.4666666666667,3208.5,1852.935801655702,2710.0,1,0,1,0,0,0,1,0,0,5588
83,0,2014-05-20,0.9749279121818236,-0.22252093395631434,0.49999999999999994,-0.8660254037844387,0.6680638642135335,-0.7441039398713607,5588.0,3015.0,4352.0,3117.285714285714,2996.0,1683.6777912539906,3087.266666666667,3261.5,1777.5585723572958,2710.0,1,0,1,0,0,0,1,0,0,4104
83,0,2014-05-21,0.43388373911755823,-0.900968867902419,0.49999999999999994,-0.8660254037844387,0.6551563572090853,-0.7554933140726803,4104.0,2943.0,3821.0,3235.714285714286,3384.0,1698.4661427580027,3213.0,3340.5,1682.5175922634064,2710.0,1,0,1,0,0,0,1,0,0,3772
83,0,2014-05-22,-0.433883739117558,-0.9009688679024191,0.49999999999999994,-0.8660254037844387,0.6420547132365637,-0.766658819300159,3772.0,2996.0,4185.0,3359.4285714285716,3772.0,1709.5982819698588,3215.7,3340.5,1683.52520438308,2710.0,1,0,1,0,0,0,1,0,0,3862
83,0,2014-05-23,-0.9749279121818236,-0.2225209339563146,0.49999999999999994,-0.8660254037844387,0.6287628145958344,-0.777597146973627,3862.0,3384.0,4062.0,3459.0,3862.0,1731.426098143764,3247.266666666667,3535.0,1690.8030316846523,2710.0,1,0,1,0,0,0,1,0,0,4081
83,0,2014-05-24,-0.7818314824680299,0.6234898018587334,0.49999999999999994,-0.8660254037844387,0.6152845999633276,-0.7883050558305255,4081.0,2806.0,3191.0,3502.8571428571427,3862.0,1715.9477875284595,3266.133333333333,3535.0,1685.8703622049081,2710.0,0,0,1,0,0,0,1,0,0,3113
83,0,2014-05-25,-2.4492935982947064e-16,1.0,0.49999999999999994,-0.8660254037844387,0.6016240632249226,-0.7987793728863649,3113.0,0.0,0.0,3502.8571428571427,3862.0,1715.9477875284595,3167.1666666666665,3535.0,1787.9685464203485,2710.0,0,0,1,0,0,0,1,0,0,0
83,0,2014-05-26,0.7818314824680298,0.6234898018587336,0.49999999999999994,-0.8660254037844387,0.5877852522924732,-0.8090169943749473,0.0,5588.0,3686.0,3236.714285714286,3772.0,1464.727701006316,3183.8,3705.5,1790.8534933050069,2710.0,0,0,1,0,0,0,1,0,0,3725
83,0,2014-05-27,0.9749279121818236,-0.22252093395631434,0.49999999999999994,-0.8660254037844387,0.5737722679043246,-0.8190148866680801,3725.0,4104.0,3015.0,3074.0,3725.0,1414.736489008941,3282.633333333333,3705.5,1687.946936642123,2710.0,0,0,1,0,0,0,1,0,0,2965
83,0,2014-05-28,0.43388373911755823,-0.900968867902419,0.49999999999999994,-0.8660254037844387,0.5595892624101765,-0.8287700871745037,2965.0,3772.0,2943.0,3045.714285714286,3574.0,1400.361347924855,3248.3333333333335,3630.0,1670.55651130731,2710.0,0,0,1,0,0,0,1,0,0,3574
83,0,2014-05-29,-0.433883739117558,-0.9009688679024191,0.49999999999999994,-0.8660254037844387,0.545240438540651,-0.8382797052177743,3574.0,3862.0,2996.0,2494.0,3113.0,1743.8178421689256,3088.4666666666667,3479.0,1745.157728931847,2710.0,0,0,1,0,0,0,1,0,0,0
83,0,2014-05-30,-0.9749279121818236,-0.2225209339563146,0.49999999999999994,-0.8660254037844387,0.5307300481619334,-0.8475409228928311,0.0,4081.0,3384.0,2457.1428571428573,3113.0,1707.0230840629636,3054.5666666666666,3479.0,1719.6519632508873,2710.0,0,0,1,0,0,0,1,0,0,3823
83,0,2014-05-31,-0.7818314824680299,0.6234898018587334,0.49999999999999994,-0.8660254037844387,0.5160623910158528,-0.8565509959010036,3823.0,3113.0,2806.0,2448.4285714285716,3052.0,1703.268510554822,3156.3,3479.0,1620.1109189358485,2710.0,0,0,1,0,0,0,1,0,0,3052
83,0,2014-06-01,-2.4492935982947064e-16,1.0,1.2246467991473532e-16,-1.0,0.5012418134457758,-0.865307254363206,3052.0,0.0,0.0,2448.4285714285716,3052.0,1703.268510554822,2962.4666666666667,3340.5,1638.801343567349,2710.0,0,0,1,0,0,0,1,0,0,0
83,0,2014-06-02,0.7818314824680298,0.6234898018587336,1.2246467991473532e-16,-1.0,0.48627270710869,-0.8738071036110808,0.0,3725.0,5588.0,2731.285714285714,3052.0,2074.540408081251,3042.733333333333,3479.0,1713.04044949592,2710.0,1,0,1,0,0,0,1,0,0,5705
83,0,2014-06-03,0.9749279121818236,-0.22252093395631434,1.2246467991473532e-16,-1.0,0.4711595076738638,-0.8820480249558537,5705.0,2965.0,4104.0,2986.285714285714,3574.0,2213.131922132505,3201.0666666666666,3630.0,1640.071170308822,2710.0,1,0,1,0,0,0,1,0,0,4750
83,0,2014-06-04,0.43388373911755823,-0.900968867902419,1.2246467991473532e-16,-1.0,0.4559066935084588,-0.8900275764346767,4750.0,3574.0,3772.0,3107.285714285714,3823.0,2272.9652962804444,3165.866666666667,3630.0,1600.3917997301992,2710.0,1,0,1,0,0,0,1,0,0,4421
83,0,2014-06-05,-0.433883739117558,-0.9009688679024191,1.2246467991473532e-16,-1.0,0.440518784350495,-0.8977433935342337,4421.0,0.0,3862.0,3703.714285714286,4175.0,1825.4190125635737,3159.9666666666667,3630.0,1596.1889630451383,2710.0,1,0,1,0,0,0,1,0,0,4175
83,0,2014-06-06,-0.9749279121818236,-0.2225209339563146,1.2246467991473532e-16,-1.0,0.42500033996955416,-0.9051931898913974,4175.0,3823.0,4081.0,3756.4285714285716,4192.0,1834.742021569868,3172.3333333333335,3630.0,1602.9100332559626,2710.0,1,0,1,0,0,0,1,0,0,4192
83,0,2014-06-07,-0.7818314824680299,0.6234898018587334,1.2246467991473532e-16,-1.0,0.4093559588156213,-0.9123747579707273,4192.0,3052.0,3113.0,3780.4285714285716,4192.0,1825.0650086268943,3140.1666666666665,3479.0,1591.5296715431625,2710.0,0,0,1,0,0,0,1,0,0,3220
83,0,2014-06-08,-2.4492935982947064e-16,1.0,1.2246467991473532e-16,-1.0,0.39359027665646673,-0.9192859697186104,3220.0,0.0,0.0,3780.4285714285716,4192.0,1825.0650086268943,3004.766666666667,3302.0,1680.6906356149145,2710.0,0,0,1,0,0,0,1,0,0,0
83,0,2014-06-09,0.7818314824680298,0.6234898018587336,1.2246467991473532e-16,-1.0,0.3777079652039649,-0.9259247771938498,0.0,5705.0,3725.0,2965.4285714285716,4175.0,2078.5918195694326,2898.4,3302.0,1767.2444281891242,2710.0,0,0,1,0,0,0,1,0,0,0
83,0,2014-06-10,0.9749279121818236,-0.22252093395631434,1.2246467991473532e-16,-1.0,0.36171373072976765,-0.9322892131745133,0.0,4750.0,2965.0,2840.1428571428573,3873.0,1977.0507857725418,3027.5,3479.0,1687.8935198888425,2710.0,0,0,1,0,0,0,1,0,0,3873
83,0,2014-06-11,0.43388373911755823,-0.900968867902419,1.2246467991473532e-16,-1.0,0.3456123126707335,-0.9383773917408641,3873.0,4421.0,3574.0,2699.285714285714,3435.0,1878.3077236602958,3019.133333333333,3409.5,1685.1367023915639,2710.0,0,0,1,0,0,0,1,0,0,3435
83,0,2014-06-12,-0.433883739117558,-0.9009688679024191,1.2246467991473532e-16,-1.0,0.3294084822245304,-0.9441875088341993,3435.0,4175.0,0.0,2554.1428571428573,3220.0,1782.0577458443454,3023.9333333333334,3409.5,1685.329599061042,2710.0,0,0,1,0,0,0,1,0,0,3159
83,0,2014-06-13,-0.9749279121818236,-0.2225209339563146,1.2246467991473532e-16,-1.0,0.3131070409358269,-0.9497178427914316,3159.0,4192.0,3823.0,2473.4285714285716,3220.0,1706.7132992141085,3046.733333333333,3504.5,1688.8200723527646,2710.0,0,0,1,0,0,0,1,0,0,3627
83,0,2014-06-14,-0.7818314824680299,0.6234898018587334,1.2246467991473532e-16,-1.0,0.29671281927349075,-0.9549667548552551,3627.0,3220.0,3052.0,2500.1428571428573,3407.0,1721.7439248788316,3060.4333333333334,3504.5,1690.060918782335,2710.0,0,0,1,0,0,0,1,0,0,3407
83,0,2014-06-15,-2.4492935982947064e-16,1.0,1.2246467991473532e-16,-1.0,0.28023067519921585,-0.9599326896597447,3407.0,0.0,0.0,2500.1428571428573,3407.0,1721.7439248788316,2947.633333333333,3504.5,1778.343989130941,2710.0,0,0,1,0,0,0,1,0,0,0
83,0,2014-06-16,0.7818314824680298,0.6234898018587336,1.2246467991473532e-16,-1.0,0.26366549272800704,-0.9646141756912435,0.0,0.0,5705.0,3213.4285714285716,3435.0,1537.779769358288,3020.5333333333333,3600.5,1816.7491378517414,2710.0,1,0,1,0,0,0,1,0,0,4993
83,0,2014-06-17,0.9749279121818236,-0.22252093395631434,1.2246467991473532e-16,-1.0,0.24702218048093552,-0.9690098257244062,4993.0,3873.0,4750.0,3356.0,3435.0,1651.2026929887622,3182.9,3676.0,1754.0737087882187,2710.0,1,0,1,0,0,0,1,0,0,4871
83,0,2014-06-18,0.43388373911755823,-0.900968867902419,1.2246467991473532e-16,-1.0,0.23030567023061221,-0.9731183372332619,4871.0,3435.0,4421.0,3575.285714285714,3627.0,1761.6740820675589,3162.3,3676.0,1728.293480625441,2710.0,1,0,1,0,0,0,1,0,0,4970
83,0,2014-06-19,-0.433883739117558,-0.9009688679024191,1.2246467991473532e-16,-1.0,0.21352091543979612,-0.9769384927771817,4970.0,3159.0,4175.0,3124.0,3627.0,2228.7790379488074,3025.5,3600.5,1811.5992886835124,2710.0,1,0,1,0,0,0,1,0,0,0
83,0,2014-06-20,-0.9749279121818236,-0.2225209339563146,1.2246467991473532e-16,-1.0,0.19667288979357647,-0.980469160361632,0.0,3627.0,4192.0,3350.714285714286,4871.0,2365.024010750965,3073.5666666666666,3600.5,1850.7950329582627,2710.0,1,0,1,0,0,0,1,0,0,5214
83,0,2014-06-21,-0.7818314824680299,0.6234898018587334,1.2246467991473532e-16,-1.0,0.1797665857255624,-0.9837092937736097,5214.0,3407.0,3220.0,3362.1428571428573,4871.0,2365.5345716188162,3061.0666666666666,3530.5,1846.5479243121738,2710.0,0,0,1,0,0,0,1,0,0,3487
83,0,2014-06-22,-2.4492935982947064e-16,1.0,1.2246467991473532e-16,-1.0,0.16280701293851715,-0.986657932891657,3487.0,0.0,0.0,3362.1428571428573,4871.0,2365.5345716188162,2925.0333333333333,3461.0,1917.767658490989,2710.0,0,0,1,0,0,0,1,0,0,0
83,0,2014-06-23,0.7818314824680298,0.6234898018587336,1.2246467991473532e-16,-1.0,0.1457991969198751,-0.9893142039703663,0.0,4993.0,0.0,3148.714285714286,3499.0,2258.860163466355,2937.9,3493.0,1920.3653630458437,2710.0,0,0,1,0,0,0,1,0,0,3499
83,0,2014-06-24,0.9749279121818236,-0.22252093395631434,1.2246467991473532e-16,-1.0,0.12874817745258132,-0.99167731989929,3499.0,4871.0,3873.0,2909.285714285714,3487.0,2131.09077816078,3044.4,3493.0,1838.6733148171475,2710.0,0,0,1,0,0,0,1,0,0,3195
83,0,2014-06-25,0.43388373911755823,-0.900968867902419,1.2246467991473532e-16,-1.0,0.11165900712169512,-0.993746580436178,3195.0,4970.0,3435.0,2637.0,3195.0,1936.8231721042628,3022.366666666667,3461.0,1834.1912712528697,2710.0,0,0,1,0,0,0,1,0,0,3064
83,0,2014-06-26,-0.433883739117558,-0.9009688679024191,1.2246467991473532e-16,-1.0,0.09453674981719912,-0.9955213724144752,3064.0,0.0,3159.0,3106.1428571428573,3284.0,1550.9071999501305,3033.0,3461.0,1834.7718076662516,2710.0,0,0,1,0,0,0,1,0,0,3284
83,0,2014-06-27,-0.9749279121818236,-0.2225209339563146,1.2246467991473532e-16,-1.0,0.07738647923346301,-0.9970011699250151,3284.0,5214.0,3627.0,2944.714285714286,3284.0,1339.3162079068254,3050.0,3461.0,1842.3044976520448,2710.0,0,0,1,0,0,0,1,0,0,4084
83,0,2014-06-28,-0.7818314824680299,0.6234898018587334,1.2246467991473532e-16,-1.0,0.06021327736579302,-0.9981855344718586,4084.0,3487.0,3407.0,2877.8571428571427,3195.0,1319.2651273305494,3150.633333333333,3461.0,1750.1048142667137,2710.0,0,0,1,0,0,0,1,0,0,3019
83,0,2014-06-29,-2.4492935982947064e-16,1.0,1.2246467991473532e-16,-1.0,0.04302223300453059,-0.99907411510223,3019.0,0.0,0.0,2877.8571428571427,3195.0,1319.2651273305494,3023.2,3421.0,1836.5106982611273,2710.0,0,0,1,0,0,0,1,0,0,0
83,0,2014-06-30,0.7818314824680298,0.6234898018587336,1.2246467991473532e-16,-1.0,0.02581844022713308,-0.9996666485105112,0.0,3499.0,4993.0,3095.285714285714,3195.0,1544.8343723827643,3088.8333333333335,3461.0,1872.4087212839554,2710.0,1,0,1,0,0,0,1,0,0,5021
83,0,2014-07-01,0.9749279121818236,-0.22252093395631434,-0.4999999999999998,-0.8660254037844388,0.008606996888688698,-0.9999629591162655,5021.0,3195.0,4871.0,3295.1428571428573,3284.0,1647.001358891511,3241.9666666666667,3493.0,1797.437438042879,2710.0,1,0,1,0,0,0,1,0,0,4594
83,0,2014-07-02,0.43388373911755823,-0.900968867902419,-0.4999999999999998,-0.8660254037844388,-0.008606996888688009,-0.9999629591162655,4594.0,3064.0,4970.0,3498.285714285714,4084.0,1700.564878139587,3201.3333333333335,3493.0,1753.0683707841135,2710.0,1,0,1,0,0,0,1,0,0,4486
83,0,2014-07-03,-0.433883739117558,-0.9009688679024191,-0.4999999999999998,-0.8660254037844388,-0.02581844022713239,-0.9996666485105112,4486.0,3284.0,0.0,3584.4285714285716,4084.0,1703.171635228705,3172.5666666666666,3493.0,1733.7537247720356,2710.0,1,0,1,0,0,0,1,0,0,3887
83,0,2014-07-04,-0.9749279121818236,-0.2225209339563146,-0.4999999999999998,-0.8660254037844388,-0.04302223300453034,-0.99907411510223,3887.0,4084.0,5214.0,3692.714285714286,4486.0,1763.2638027519417,3186.6,3493.0,1745.868731487621,2710.0,1,0,1,0,0,0,1,0,0,4842
83,0,2014-07-05,-0.7818314824680299,0.6234898018587334,-0.4999999999999998,-0.8660254037844388,-0.060213277365792774,-0.9981855344718586,4842.0,3019.0,3487.0,3698.8571428571427,4486.0,1760.5984236968436,3149.5,3461.0,1735.9382785388827,2710.0,0,0,1,0,0,0,1,0,0,3062
83,0,2014-07-06,-2.4492935982947064e-16,1.0,-0.4999999999999998,-0.8660254037844388,-0.07738647923346322,-0.9970011699250151,3062.0,0.0,0.0,3698.8571428571427,4486.0,1760.5984236968436,3009.766666666667,3421.0,1815.9993104079877,2710.0,0,0,1,0,0,0,1,0,0,0
83,0,2014-07-07,0.7818314824680298,0.6234898018587336,-0.4999999999999998,-0.8660254037844388,-0.09453674981719933,-0.9955213724144752,0.0,5021.0,3499.0,3565.714285714286,4089.0,1677.2150244066029,3038.733333333333,3461.0,1826.3693574644328,2710.0,0,0,1,0,0,0,1,0,0,4089
83,0,2014-07-08,0.9749279121818236,-0.22252093395631434,-0.4999999999999998,-0.8660254037844388,-0.11165900712169444,-0.9937465804361781,4089.0,4594.0,3195.0,3290.4285714285716,3887.0,1637.993778696252,3127.633333333333,3461.0,1736.0310954495612,2710.0,0,0,1,0,0,0,1,0,0,2667
83,0,2014-07-09,0.43388373911755823,-0.900968867902419,-0.4999999999999998,-0.8660254037844388,-0.12874817745258066,-0.99167731989929,2667.0,4486.0,3064.0,3063.4285714285716,3062.0,1552.5695751605776,3224.2,3461.0,1633.6088967639087,2710.0,0,0,1,0,0,0,1,0,0,2897
83,0,2014-07-10,-0.433883739117558,-0.9009688679024191,-0.4999999999999998,-0.8660254037844388,-0.14579919691987442,-0.9893142039703664,2897.0,3887.0,3284.0,2980.285714285714,3062.0,1516.2745699340155,3205.266666666667,3421.0,1629.1154344768092,2710.0,0,0,1,0,0,0,1,0,0,3305
83,0,2014-07-11,-0.9749279121818236,-0.2225209339563146,-0.4999999999999998,-0.8660254037844388,-0.16280701293851646,-0.9866579328916572,3305.0,4842.0,4084.0,2794.8571428571427,3062.0,1316.9180471301765,3208.9,3447.0,1629.7668830551922,2710.0,0,0,1,0,0,0,1,0,0,3544
83,0,2014-07-12,-0.7818314824680299,0.6234898018587334,-0.4999999999999998,-0.8660254037844388,-0.17976658572556214,-0.9837092937736098,3544.0,3062.0,3019.0,2757.714285714286,2897.0,1311.7842447452708,3197.0,3447.0,1631.446280303838,2710.0,0,0,1,0,0,0,1,0,0,2802
83,0,2014-07-13,-2.4492935982947064e-16,1.0,-0.4999999999999998,-0.8660254037844388,-0.19667288979357622,-0.9804691603616321,2802.0,0.0,0.0,2757.714285714286,2897.0,1311.7842447452708,3076.1,3356.0,1729.9022964238186,2710.0,0,0,1,0,0,0,1,0,0,0
83,0,2014-07-14,0.7818314824680298,0.6234898018587336,-0.4999999999999998,-0.8660254037844388,-0.2135209154397959,-0.9769384927771817,0.0,4089.0,5021.0,2735.5714285714284,2897.0,1286.6339620812782,3093.6666666666665,3396.0,1736.043228711201,2710.0,1,0,1,0,0,0,1,0,0,3934
83,0,2014-07-15,0.9749279121818236,-0.22252093395631434,-0.4999999999999998,-0.8660254037844388,-0.23030567023061196,-0.973118337233262,3934.0,2667.0,4594.0,2982.4285714285716,3305.0,1429.1602262800923,3240.1666666666665,3493.0,1649.246057285344,2710.0,1,0,1,0,0,0,1,0,0,4395
83,0,2014-07-16,0.43388373911755823,-0.900968867902419,-0.4999999999999998,-0.8660254037844388,-0.24702218048093527,-0.9690098257244063,4395.0,2897.0,4486.0,3127.5714285714284,3544.0,1470.0449944523114,3204.1666666666665,3493.0,1621.2145741394895,2710.0,1,0,1,0,0,0,1,0,0,3913
83,0,2014-07-17,-0.433883739117558,-0.9009688679024191,-0.4999999999999998,-0.8660254037844388,-0.2636654927280072,-0.9646141756912435,3913.0,3305.0,3887.0,3146.0,3544.0,1473.4446036414163,3156.266666666667,3460.5,1591.2196782241615,2710.0,1,0,1,0,0,0,1,0,0,3434
83,0,2014-07-18,-0.9749279121818236,-0.2225209339563146,-0.4999999999999998,-0.8660254037844388,-0.2802306751992161,-0.9599326896597445,3434.0,3544.0,4842.0,3175.0,3747.0,1484.5394347518504,3115.5,3460.5,1558.4796028225012,2710.0,1,0,1,0,0,0,1,0,0,3747
83,0,2014-07-19,-0.7818314824680299,0.6234898018587334,-0.4999999999999998,-0.8660254037844388,-0.2967128192734901,-0.9549667548552553,3747.0,2802.0,3062.0,3187.714285714286,3747.0,1481.1898048849944,3211.866666666667,3460.5,1444.3989976345888,2710.0,0,0,1,0,0,0,1,0,0,2891
83,0,2014-07-20,-2.4492935982947064e-16,1.0,-0.4999999999999998,-0.8660254037844388,-0.3131070409358267,-0.9497178427914317,2891.0,0.0,0.0,3187.714285714286,3747.0,1481.1898048849944,3038.0666666666666,3369.5,1507.4953178478934,2710.0,0,0,1,0,0,0,1,0,0,0
83,0,2014-07-21,0.7818314824680298,0.6234898018587336,-0.4999999999999998,-0.8660254037844388,-0.3294084822245302,-0.9441875088341994,0.0,3934.0,4089.0,3007.4285714285716,3434.0,1451.7252790091857,3010.9,3294.5,1506.4693217060103,2710.0,0,0,1,0,0,0,1,0,0,2672
83,0,2014-07-22,0.9749279121818236,-0.22252093395631434,-0.4999999999999998,-0.8660254037844388,-0.3456123126707333,-0.9383773917408642,2672.0,4395.0,2667.0,2783.714285714286,2891.0,1316.6360816218682,3105.2,3294.5,1395.9898082821285,2710.0,0,0,1,0,0,0,1,0,0,2829
83,0,2014-07-23,0.43388373911755823,-0.900968867902419,-0.4999999999999998,-0.8660254037844388,-0.3617137307297674,-0.9322892131745134,2829.0,3913.0,2897.0,2688.285714285714,2891.0,1243.3111321904057,3096.733333333333,3264.5,1394.2882731005577,2710.0,0,0,1,0,0,0,1,0,0,3245
83,0,2014-07-24,-0.433883739117558,-0.9009688679024191,-0.4999999999999998,-0.8660254037844388,-0.37770796520396466,-0.9259247771938499,3245.0,3434.0,3305.0,2640.714285714286,2891.0,1216.0960370910634,3093.6,3264.5,1394.1654431087468,2710.0,0,0,1,0,0,0,1,0,0,3101
83,0,2014-07-25,-0.9749279121818236,-0.2225209339563146,-0.4999999999999998,-0.8660254037844388,-0.39359027665646645,-0.9192859697186105,3101.0,3747.0,3544.0,2634.8571428571427,2891.0,1209.9630061247715,3115.0,3294.5,1398.6155716426751,2710.0,0,0,1,0,0,0,1,0,0,3706
83,0,2014-07-26,-0.7818314824680299,0.6234898018587334,-0.4999999999999998,-0.8660254037844388,-0.4093559588156211,-0.9123747579707274,3706.0,2891.0,2802.0,2554.4285714285716,2829.0,1208.8102769724885,3083.133333333333,3275.0,1405.506209786038,2710.0,0,0,1,0,0,0,1,0,0,2328
83,0,2014-07-27,-2.4492935982947064e-16,1.0,-0.4999999999999998,-0.8660254037844388,-0.42500033996955394,-0.9051931898913975,2328.0,0.0,0.0,2554.4285714285716,2829.0,1208.8102769724885,2947.0,3173.0,1499.838979863248,2710.0,0,0,1,0,0,0,1,0,0,0
83,0,2014-07-28,0.7818314824680298,0.6234898018587336,-0.4999999999999998,-0.8660254037844388,-0.4405187843504952,-0.8977433935342336,0.0,2672.0,3934.0,2757.285714285714,3101.0,1343.476797254765,2982.766666666667,3275.0,1514.3389973353267,2710.0,1,0,1,0,0,0,1,0,0,4092
83,0,2014-07-29,0.9749279121818236,-0.22252093395631434,-0.4999999999999998,-0.8660254037844388,-0.455906693508459,-0.8900275764346766,4092.0,2829.0,4395.0,2971.5714285714284,3245.0,1470.447421381544,3127.0666666666666,3369.5,1423.8634652999845,2710.0,1,0,1,0,0,0,1,0,0,4329
83,0,2014-07-30,0.43388373911755823,-0.900968867902419,-0.4999999999999998,-0.8660254037844388,-0.47115950767386394,-0.8820480249558535,4329.0,3245.0,3913.0,3095.5714285714284,3706.0,1532.6315992591403,3096.8,3369.5,1391.4991518700829,2710.0,1,0,1,0,0,0,1,0,0,4113
83,0,2014-07-31,-0.433883739117558,-0.9009688679024191,-0.4999999999999998,-0.8660254037844388,-0.4862727071086902,-0.8738071036110807,4113.0,3101.0,3434.0,3151.714285714286,3706.0,1540.0437996245155,3060.133333333333,3369.5,1364.9258343709819,2710.0,1,0,1,0,0,0,1,0,0,3494
83,0,2014-08-01,-0.9749279121818236,-0.2225209339563146,-0.8660254037844384,-0.5000000000000004,-0.5012418134457756,-0.8653072543632061,3494.0,3706.0,3747.0,3208.5714285714284,4092.0,1570.9548961425644,3047.4,3369.5,1352.8941034583606,2710.0,1,0,1,0,0,0,1,0,0,4104
83,0,2014-08-02,-0.7818314824680299,0.6234898018587334,-0.8660254037844384,-0.5000000000000004,-0.5160623910158526,-0.8565509959010037,4104.0,2328.0,2891.0,3318.0,4092.0,1525.4121847334711,3020.9666666666667,3275.0,1343.6393318234534,2710.0,0,0,1,0,0,0,1,0,0,3094
83,0,2014-08-03,-2.4492935982947064e-16,1.0,-0.8660254037844384,-0.5000000000000004,-0.5307300481619331,-0.8475409228928312,3094.0,0.0,0.0,3318.0,4092.0,1525.4121847334711,2859.5666666666666,3173.0,1406.6861445238553,2710.0,0,0,1,0,0,0,1,0,0,0
83,0,2014-08-04,0.7818314824680298,0.6234898018587336,-0.8660254037844384,-0.5000000000000004,-0.5452404385406507,-0.8382797052177745,0.0,4092.0,2672.0,3425.4285714285716,4104.0,1612.9738432620738,2918.9666666666667,3275.0,1452.4100894086625,2710.0,1,0,1,0,0,0,1,0,0,4844
83,0,2014-08-05,0.9749279121818236,-0.22252093395631434,-0.8660254037844384,-0.5000000000000004,-0.5595892624101763,-0.828770087174504,4844.0,4329.0,2829.0,3451.8571428571427,4104.0,1631.6538060682938,3069.4333333333334,3369.5,1371.1298558521667,2710.0,1,0,1,0,0,0,1,0,0,4514
83,0,2014-08-06,0.43388373911755823,-0.900968867902419,-0.8660254037844384,-0.5000000000000004,-0.5737722679043243,-0.8190148866680802,4514.0,4113.0,3245.0,3432.1428571428573,3975.0,1623.1457552718887,3065.633333333333,3369.5,1368.3619324436452,2710.0,1,0,1,0,0,0,1,0,0,3975
83,0,2014-08-07,-0.433883739117558,-0.9009688679024191,-0.8660254037844384,-0.5000000000000004,-0.5877852522924734,-0.8090169943749472,3975.0,3494.0,3101.0,3463.8571428571427,3975.0,1626.72067142984,3100.6,3464.0,1371.2240341111753,2710.0,1,0,1,0,0,0,1,0,0,3716
83,0,2014-08-08,-0.9749279121818236,-0.2225209339563146,-0.8660254037844384,-0.5000000000000004,-0.6016240632249227,-0.7987793728863648,3716.0,4104.0,3706.0,3384.8571428571427,3716.0,1603.7167693176011,3122.4,3519.0,1373.0730095865842,2710.0,1,0,1,0,0,0,1,0,0,3551
83,0,2014-08-09,-0.7818314824680299,0.6234898018587334,-0.8660254037844384,-0.5000000000000004,-0.6152845999633277,-0.7883050558305253,3551.0,3094.0,2328.0,3316.8571428571427,3716.0,1628.0125335892894,3099.5,3519.0,1375.6490568405136,2710.0,0,0,1,0,0,0,1,0,0,2618
83,0,2014-08-10,-2.4492935982947064e-16,1.0,-0.8660254037844384,-0.5000000000000004,-0.6287628145958345,-0.7775971469736268,2618.0,0.0,0.0,3316.8571428571427,3716.0,1628.0125335892894,2981.366666666667,3464.0,1484.059611297688,2710.0,0,0,1,0,0,0,1,0,0,0
83,0,2014-08-11,0.7818314824680298,0.6234898018587336,-0.8660254037844384,-0.5000000000000004,-0.6420547132365636,-0.7666588193001592,0.0,4844.0,4092.0,3137.1428571428573,3586.0,1495.3673382117474,3007.5,3522.5,1487.690590513846,2710.0,0,0,1,0,0,0,1,0,0,3586
83,0,2014-08-12,0.9749279121818236,-0.22252093395631434,-0.8660254037844384,-0.5000000000000004,-0.655156357209085,-0.7554933140726804,3586.0,4514.0,4329.0,2883.0,3551.0,1368.1254815744599,3098.6666666666665,3522.5,1376.6943750516448,2710.0,0,0,1,0,0,0,1,0,0,2735
83,0,2014-08-13,0.43388373911755823,-0.900968867902419,-0.8660254037844384,-0.5000000000000004,-0.6680638642135333,-0.7441039398713608,2735.0,3975.0,4113.0,2707.714285714286,2748.0,1280.7087509507855,3059.133333333333,3464.0,1368.8862004874786,2710.0,0,0,1,0,0,0,1,0,0,2748
83,0,2014-08-14,-0.433883739117558,-0.9009688679024191,-0.8660254037844384,-0.5000000000000004,-0.6807734094770159,-0.7324940716135792,2748.0,3716.0,3494.0,2586.1428571428573,2748.0,1207.3338986614935,3008.133333333333,3339.5,1345.7051922199764,2710.0,0,0,1,0,0,0,1,0,0,2865
83,0,2014-08-15,-0.9749279121818236,-0.2225209339563146,-0.8660254037844384,-0.5000000000000004,-0.6932812268869771,-0.7206671495538615,2865.0,3551.0,4104.0,2540.714285714286,2748.0,1170.3959037131797,2985.4666666666667,3239.0,1335.627444785542,2710.0,0,0,1,0,0,0,1,0,0,3233
83,0,2014-08-16,-0.7818314824680299,0.6234898018587334,-0.8660254037844384,-0.5000000000000004,-0.7055836101071774,-0.7086266782644601,3233.0,2618.0,3094.0,2609.285714285714,2865.0,1189.582519806251,2974.266666666667,3167.0,1333.1430048064444,2710.0,0,0,1,0,0,0,1,0,0,3098
83,0,2014-08-17,-2.4492935982947064e-16,1.0,-0.8660254037844384,-0.5000000000000004,-0.7176769136759615,-0.6963762255968726,3098.0,0.0,0.0,2609.285714285714,2865.0,1189.582519806251,2849.366666666667,3099.5,1430.239707021245,2710.0,0,0,1,0,0,0,1,0,0,0
83,0,2014-08-18,0.7818314824680298,0.6234898018587336,-0.8660254037844384,-0.5000000000000004,-0.7295575540864876,-0.6839194216246105,0.0,3586.0,4844.0,2933.5714285714284,2865.0,1700.0830231827797,2948.2,3167.0,1532.0377775120708,2710.0,1,0,1,0,0,0,1,0,0,5856
83,0,2014-08-19,0.9749279121818236,-0.22252093395631434,-0.8660254037844384,-0.5000000000000004,-0.7412220108485957,-0.6712599575675315,5856.0,2735.0,4514.0,3236.8571428571427,3098.0,1842.1822592215153,3110.133333333333,3239.0,1464.944784962387,2710.0,1,0,1,0,0,0,1,0,0,4858
83,0,2014-08-20,0.43388373911755823,-0.900968867902419,-0.8660254037844384,-0.5000000000000004,-0.7526668275320083,-0.6584015846980489,4858.0,2748.0,3975.0,3484.4285714285716,3233.0,1881.5632558365644,3170.4333333333334,3369.5,1483.403186137763,2710.0,1,0,1,0,0,0,1,0,0,4481
83,0,2014-08-21,-0.433883739117558,-0.9009688679024191,-0.8660254037844384,-0.5000000000000004,-0.7638886127905429,-0.64534811322955,4481.0,2865.0,3716.0,3602.5714285714284,3692.0,1862.049574809335,3199.2,3522.5,1484.9206968259475,2710.0,1,0,1,0,0,0,1,0,0,3692
83,0,2014-08-22,-0.9749279121818236,-0.2225209339563146,-0.8660254037844384,-0.5000000000000004,-0.7748840413670406,-0.6321034111873488,3692.0,3233.0,3551.0,3766.5714285714284,4381.0,1874.5874085731389,3237.0666666666666,3568.5,1500.531306670687,2710.0,1,0,1,0,0,0,1,0,0,4381
83,0,2014-08-23,-0.7818314824680299,0.6234898018587334,-0.8660254037844384,-0.5000000000000004,-0.7856498550787144,-0.6186714032625032,4381.0,3098.0,2618.0,3724.4285714285716,4381.0,1895.3239702966237,3227.133333333333,3568.5,1502.4482487692792,2710.0,0,0,1,0,0,0,1,0,0,2803
83,0,2014-08-24,-2.4492935982947064e-16,1.0,-0.8660254037844384,-0.5000000000000004,-0.7961828637826154,-0.6050560696488494,2803.0,0.0,0.0,3724.4285714285716,4381.0,1895.3239702966237,3103.6,3522.5,1610.209166108763,2710.0,0,0,1,0,0,0,1,0,0,0
83,0,2014-08-25,0.7818314824680298,0.6234898018587336,-0.8660254037844384,-0.5000000000000004,-0.8064799463209447,-0.5912614448635782,0.0,5856.0,3586.0,3381.8571428571427,3692.0,1646.1783447904884,3141.266666666667,3522.5,1604.6474945012637,2710.0,0,0,1,0,0,0,1,0,0,3458
83,0,2014-08-26,0.9749279121818236,-0.22252093395631434,-0.8660254037844384,-0.5000000000000004,-0.8165380514459157,-0.5772916165517278,3458.0,4858.0,2735.0,3104.714285714286,3458.0,1514.2615047480792,3238.5333333333333,3522.5,1492.1678451705452,2710.0,0,0,1,0,0,0,1,0,0,2918
83,0,2014-08-27,0.43388373911755823,-0.900968867902419,-0.8660254037844384,-0.5000000000000004,-0.8263541987239095,-0.5631507242749187,2918.0,4481.0,2748.0,2945.1428571428573,3364.0,1399.568555969002,3214.266666666667,3476.0,1483.7051927018933,2710.0,0,0,1,0,0,0,1,0,0,3364
83,0,2014-08-28,-0.433883739117558,-0.9009688679024191,-0.8660254037844384,-0.5000000000000004,-0.8359254794186365,-0.5488429582847199,3364.0,3692.0,2865.0,2856.8571428571427,3074.0,1363.6349008650222,3172.4333333333334,3411.0,1468.8089869788628,2710.0,0,0,1,0,0,0,1,0,0,3074
83,0,2014-08-29,-0.9749279121818236,-0.2225209339563146,-0.8660254037844384,-0.5000000000000004,-0.8452490573530634,-0.5343725582809785,3074.0,4381.0,3233.0,2753.4285714285716,3074.0,1251.6213294686897,3157.233333333333,3411.0,1461.0789986273408,2710.0,0,0,1,0,0,0,1,0,0,3657
83,0,2014-08-30,-0.7818314824680299,0.6234898018587334,-0.8660254037844384,-0.5000000000000004,-0.8543221697498269,-0.5197438121555157,3657.0,2803.0,3098.0,2759.8571428571427,3074.0,1252.0338691600268,3135.7,3298.5,1460.7049113120086,2710.0,0,0,1,0,0,0,1,0,0,2848
83,0,2014-08-31,-2.4492935982947064e-16,1.0,-0.8660254037844384,-0.5000000000000004,-0.8631421280499115,-0.5049610547215202,2848.0,0.0,0.0,2759.8571428571427,3074.0,1252.0338691600268,2998.9,3165.5,1555.9639289764561,2710.0,0,0,1,0,0,0,1,0,0,0
83,0,2014-09-01,0.7818314824680298,0.6234898018587336,-1.0,-1.8369701987210297e-16,-0.8717063187093218,-0.4900286664290594,0.0,3458.0,5856.0,3081.285714285714,3074.0,1677.620409417831,3086.0333333333333,3298.5,1632.7689720508354,2710.0,1,0,1,0,0,0,1,0,0,5708
83,0,2014-09-02,0.9749279121818236,-0.22252093395631434,-1.0,-1.8369701987210297e-16,-0.8800122039735356,-0.4749510720670502,5708.0,2918.0,4858.0,3408.1428571428573,3364.0,1854.110786744907,3259.5666666666666,3411.0,1568.871144427126,2710.0,1,0,1,0,0,0,1,0,0,5206
83,0,2014-09-03,0.43388373911755823,-0.900968867902419,-1.0,-1.8369701987210297e-16,-0.888057322629493,-0.4597327394521046,5206.0,3364.0,4481.0,3568.1428571428573,3657.0,1897.4843370957813,3247.5666666666666,3411.0,1557.6710219567115,2710.0,1,0,1,0,0,0,1,0,0,4484
83,0,2014-09-04,-0.433883739117558,-0.9009688679024191,-1.0,-1.8369701987210297e-16,-0.8958392907349089,-0.44437817810461344,4484.0,3074.0,3692.0,3639.8571428571427,3657.0,1885.142119184603,3216.3,3411.0,1540.695300942018,2710.0,1,0,1,0,0,0,1,0,0,3576
83,0,2014-09-05,-0.9749279121818236,-0.2225209339563146,-1.0,-1.8369701987210297e-16,-0.9033558023246842,-0.4288919379124841,3576.0,3657.0,4381.0,3723.714285714286,4244.0,1899.0363972539449,3225.266666666667,3411.0,1546.036622069994,2710.0,1,0,1,0,0,0,1,0,0,4244
83,0,2014-09-06,-0.7818314824680299,0.6234898018587334,-1.0,-1.8369701987210297e-16,-0.9106046300942162,-0.41327860778290443,4244.0,2848.0,2803.0,3719.285714285714,4244.0,1901.453541748674,3195.3,3298.5,1544.9089951994793,2710.0,0,0,1,0,0,0,1,0,0,2817
83,0,2014-09-07,-2.4492935982947064e-16,1.0,-1.0,-1.8369701987210297e-16,-0.9175836260593934,-0.3975428142825566,2817.0,0.0,0.0,3719.285714285714,4244.0,1901.453541748674,3076.9333333333334,3165.5,1649.228344812604,2710.0,0,0,1,0,0,0,1,0,0,0
83,0,2014-09-08,0.7818314824680298,0.6234898018587336,-1.0,-1.8369701987210297e-16,-0.9242907221930934,-0.3816892202666586,0.0,5708.0,3458.0,3451.714285714286,3835.0,1695.6020282174843,3117.5,3298.5,1652.5147555290898,2710.0,0,0,1,0,0,0,1,0,0,3835
83,0,2014-09-09,0.9749279121818236,-0.22252093395631434,-1.0,-1.8369701987210297e-16,-0.9307239310379793,-0.3657225234972692,3835.0,5206.0,2918.0,3205.1428571428573,3576.0,1513.720408857094,3233.5,3411.0,1544.7605048166424,2710.0,0,0,1,0,0,0,1,0,0,3480
83,0,2014-09-10,0.43388373911755823,-0.900968867902419,-1.0,-1.8369701987210297e-16,-0.9368813462954315,-0.34964745525122826,3480.0,4484.0,3364.0,3014.0,3480.0,1405.961711190368,3218.8333333333335,3298.5,1543.3864709950528,2710.0,0,0,1,0,0,0,1,0,0,3146
83,0,2014-09-11,-0.433883739117558,-0.9009688679024191,-1.0,-1.8369701987210297e-16,-0.9427611433904206,-0.33346877891818705,3146.0,3576.0,3074.0,2912.285714285714,3146.0,1384.1125573552852,3223.133333333333,3298.5,1542.171213119575,2710.0,0,0,1,0,0,0,1,0,0,2864
83,0,2014-09-12,-0.9749279121818236,-0.2225209339563146,-1.0,-1.8369701987210297e-16,-0.9483615800121716,-0.31719128858910595,2864.0,4244.0,3657.0,2823.8571428571427,3146.0,1302.201140194489,3252.366666666667,3411.0,1541.165892821208,2710.0,0,0,1,0,0,0,1,0,0,3625
83,0,2014-09-13,-0.7818314824680299,0.6234898018587334,-1.0,-1.8369701987210297e-16,-0.9536809966304455,-0.300819807635668,3625.0,2817.0,2848.0,2845.1428571428573,3146.0,1303.2876925390751,3255.733333333333,3411.0,1540.4006405261337,2710.0,0,0,1,0,0,0,1,0,0,2966
83,0,2014-09-14,-2.4492935982947064e-16,1.0,-1.0,-1.8369701987210297e-16,-0.9587178169872964,-0.2843591872810036,2966.0,0.0,0.0,2845.1428571428573,3146.0,1303.2876925390751,3147.9666666666667,3411.0,1651.1549037240397,2710.0,0,0,1,0,0,0,1,0,0,0
83,0,2014-09-15,0.7818314824680298,0.6234898018587336,-1.0,-1.8369701987210297e-16,-0.9634705485641486,-0.26781430516217486,0.0,3835.0,5708.0,3111.5714285714284,3146.0,1676.5468337372204,3234.7,3469.0,1715.5250558477335,2710.0,1,0,1,0,0,0,1,0,0,5700
83,0,2014-09-16,0.9749279121818236,-0.22252093395631434,-1.0,-1.8369701987210297e-16,-0.9679377830240642,-0.25119006388481957,5700.0,3480.0,5206.0,3143.5714285714284,3146.0,1686.857023890179,3358.1666666666665,3528.0,1604.3840602061803,2710.0,1,0,1,0,0,0,1,0,0,3704
83,0,2014-09-17,0.43388373911755823,-0.900968867902419,-1.0,-1.8369701987210297e-16,-0.9721181966290612,-0.23449138957041052,3704.0,3146.0,4484.0,3247.5714285714284,3625.0,1709.3238289981698,3292.1,3528.0,1537.3888151555893,2710.0,1,0,1,0,0,0,1,0,0,3874
83,0,2014-09-18,-0.433883739117558,-0.9009688679024191,-1.0,-1.8369701987210297e-16,-0.9760105506323682,-0.21772323039653224,3874.0,2864.0,3576.0,3442.4285714285716,3704.0,1735.8502102373236,3271.1,3528.0,1519.4600073029542,2710.0,1,0,1,0,0,0,1,0,0,4228
83,0,2014-09-19,-0.9749279121818236,-0.2225209339563146,-1.0,-1.8369701987210297e-16,-0.9796136916454901,-0.20089055513063528,4228.0,3625.0,4244.0,3453.8571428571427,3705.0,1737.5151249769935,3245.233333333333,3528.0,1504.6862585873505,2710.0,1,0,1,0,0,0,1,0,0,3705
83,0,2014-09-20,-0.7818314824680299,0.6234898018587334,-1.0,-1.8369701987210297e-16,-0.9829265519799822,-0.18399835165767986,3705.0,2966.0,2817.0,3462.8571428571427,3705.0,1734.7278776579967,3223.133333333333,3469.0,1502.7657888346885,2710.0,0,0,1,0,0,0,1,0,0,3029
83,0,2014-09-21,-2.4492935982947064e-16,1.0,-1.0,-1.8369701987210297e-16,-0.9859481499638303,-0.1670516255021195,3029.0,0.0,0.0,3462.8571428571427,3705.0,1734.7278776579967,3077.1,3411.0,1596.3212741628224,2710.0,0,0,1,0,0,0,1,0,0,0
83,0,2014-09-22,0.7818314824680298,0.6234898018587336,-1.0,-1.8369701987210297e-16,-0.9886775902323404,-0.15005539834465262,0.0,5700.0,3835.0,3130.0,3704.0,1430.8471849455761,3096.0,3414.0,1596.3206617632948,2710.0,0,0,1,0,0,0,1,0,0,3370
83,0,2014-09-23,0.9749279121818236,-0.22252093395631434,-1.0,-1.8369701987210297e-16,-0.9911140639934546,-0.13301470653419636,3370.0,3704.0,3480.0,3050.1428571428573,3370.0,1408.9032884447713,3200.8333333333335,3414.0,1485.4052525717707,2710.0,0,0,1,0,0,0,1,0,0,3145
83,0,2014-09-24,0.43388373911755823,-0.900968867902419,-1.0,-1.8369701987210297e-16,-0.9932568492674143,-0.11593459959550066,3145.0,3874.0,3146.0,2956.5714285714284,3219.0,1366.1706649296425,3192.866666666667,3367.0,1484.6191368863547,2710.0,0,0,1,0,0,0,1,0,0,3219
83,0,2014-09-25,-0.433883739117558,-0.9009688679024191,-1.0,-1.8369701987210297e-16,-0.9951053111006974,-0.09882013873287211,3219.0,4228.0,2864.0,2825.714285714286,3219.0,1264.1510608949875,3206.0,3367.0,1483.8462602769605,2710.0,0,0,1,0,0,0,1,0,0,3312
83,0,2014-09-26,-0.9749279121818236,-0.2225209339563146,-1.0,-1.8369701987210297e-16,-0.99665890175417,-0.08167639533042288,3312.0,3705.0,3625.0,2778.0,3219.0,1231.3085180679475,3206.233333333333,3370.5,1483.8725124933487,2710.0,0,0,1,0,0,0,1,0,0,3371
83,0,2014-09-27,-0.7818314824680299,0.6234898018587334,-1.0,-1.8369701987210297e-16,-0.9979171608653922,-0.06450844944931625,3371.0,3029.0,2966.0,2799.285714285714,3219.0,1237.6423439057785,3209.7,3370.5,1483.6744031231208,2710.0,0,0,1,0,0,0,1,0,0,3178
83,0,2014-09-28,-2.4492935982947064e-16,1.0,-1.0,-1.8369701987210297e-16,-0.9988797155850335,-0.04732138832243232,3178.0,0.0,0.0,2799.285714285714,3219.0,1237.6423439057785,3087.8,3341.0,1591.9377781983696,2710.0,0,0,1,0,0,0,1,0,0,0
83,0,2014-09-29,0.7818314824680298,0.6234898018587336,-1.0,-1.8369701987210297e-16,-0.9995462806873573,-0.03012030484690836,0.0,3370.0,5700.0,3065.4285714285716,3219.0,1543.371726355741,3167.3,3370.5,1638.4231517339838,2710.0,1,0,1,0,0,0,1,0,0,5233
83,0,2014-09-30,0.9749279121818236,-0.22252093395631434,-1.0,-1.8369701987210297e-16,-0.9999166586547379,-0.012910296075008843,5233.0,3145.0,3704.0,3196.714285714286,3312.0,1589.6613595653794,3302.766666666667,3425.5,1532.0735033085782,2710.0,1,0,1,0,0,0,1,0,0,4064
83,0,2014-10-01,0.43388373911755823,-0.900968867902419,-0.8660254037844386,0.5000000000000001,-0.9999907397361901,0.004303538296243821,4064.0,3219.0,3874.0,3422.5714285714284,3371.0,1701.7191167701446,3272.5,3425.5,1491.3463657911968,2710.0,1,0,1,0,0,0,1,0,0,4800
83,0,2014-10-02,-0.433883739117558,-0.9009688679024191,-0.8660254037844386,0.5000000000000001,-0.9997685019798909,0.021516097436222233,4800.0,3312.0,4228.0,3794.8571428571427,4064.0,1941.6422970062774,3296.233333333333,3425.5,1528.3826854990616,2710.0,1,0,1,0,0,0,1,0,0,5918
83,0,2014-10-03,-0.9749279121818236,-0.2225209339563146,-0.8660254037844386,0.5000000000000001,-0.9992500112396835,0.03872228089217399,5918.0,3371.0,3705.0,3313.285714285714,4064.0,2422.7311526653652,3146.766666666667,3370.5,1624.4554670312775,2710.0,1,0,1,0,0,0,1,0,0,0
83,0,2014-10-04,-0.7818314824680299,0.6234898018587334,-0.8660254037844386,0.5000000000000001,-0.9984354211555643,0.05591699010060302,0.0,3178.0,3029.0,3425.8571428571427,4064.0,2433.6798220370906,3159.766666666667,3370.5,1629.5614320790519,2710.0,0,0,1,0,0,0,1,0,0,3966
83,0,2014-10-05,-2.4492935982947064e-16,1.0,-0.8660254037844386,0.5000000000000001,-0.9973249731081555,0.07309512989807776,3966.0,0.0,0.0,3425.8571428571427,4064.0,2433.6798220370906,3018.3,3341.0,1714.208596931276,2710.0,0,0,1,0,0,0,1,0,0,0
83,0,2014-10-06,0.7818314824680298,0.6234898018587336,-0.8660254037844386,0.5000000000000001,-0.9959189961471792,0.0902516100310407,0.0,5233.0,3370.0,3480.0,4064.0,2484.2745419941025,3111.4666666666667,3370.5,1777.6697209497604,2710.0,1,0,1,0,0,0,1,0,0,5612
83,0,2014-10-07,0.9749279121818236,-0.22252093395631434,-0.8660254037844386,0.5000000000000001,-0.994217906893952,0.10738134666416306,5612.0,4064.0,3145.0,3418.1428571428573,3966.0,2472.673346034709,3232.5,3425.5,1679.4128438236949,2710.0,1,0,1,0,0,0,1,0,0,3631
83,0,2014-10-08,0.43388373911755823,-0.900968867902419,-0.8660254037844386,0.5000000000000001,-0.9922222094179324,0.12447926388678869,3631.0,4800.0,3219.0,3285.4285714285716,3871.0,2410.2883546125686,3233.7,3425.5,1679.870995662749,2710.0,1,0,1,0,0,0,1,0,0,3871
83,0,2014-10-09,-0.433883739117558,-0.9009688679024191,-0.8660254037844386,0.5000000000000001,-0.989932495087353,0.141540295217043,3871.0,5918.0,3312.0,2914.0,3631.0,2119.8212974997086,3228.3,3370.5,1679.3122391478348,2710.0,1,0,1,0,0,0,1,0,0,3318
83,0,2014-10-10,-0.9749279121818236,-0.2225209339563146,-0.8660254037844386,0.5000000000000001,-0.9873494423939864,0.15855938510313475,3318.0,0.0,3371.0,3618.5714285714284,3871.0,1782.6869099894195,3287.8333333333335,3498.0,1707.7116384887338,2710.0,1,0,1,0,0,0,1,0,0,4932
83,0,2014-10-11,-0.7818314824680299,0.6234898018587334,-0.8660254037844386,0.5000000000000001,-0.9844738167520923,0.17553149042142777,4932.0,3966.0,3178.0,3464.8571428571427,3631.0,1794.089781158443,3288.7,3498.0,1707.4957090873506,2710.0,0,0,1,0,0,0,1,0,0,2890
83,0,2014-10-12,-2.4492935982947064e-16,1.0,-0.8660254037844386,0.5000000000000001,-0.9813064702716093,0.19245158197082995,2890.0,0.0,0.0,3464.8571428571427,3631.0,1794.089781158443,3167.866666666667,3370.5,1808.1724004875882,2710.0,0,0,1,0,0,0,1,0,0,0
83,0,2014-10-13,0.7818314824680298,0.6234898018587336,-0.8660254037844386,0.5000000000000001,-0.9778483415056568,0.20931464596304888,0.0,5612.0,5233.0,3078.0,3318.0,1525.8482886578247,3165.8,3370.5,1808.4464927780884,2710.0,0,0,1,0,0,0,1,0,0,2904
83,0,2014-10-14,0.9749279121818236,-0.22252093395631434,-0.8660254037844386,0.5000000000000001,-0.9741004551724206,0.22611568550828803,2904.0,3631.0,4064.0,3013.8571428571427,3182.0,1508.0608330536568,3271.866666666667,3370.5,1706.8255619279214,2710.0,0,0,1,0,0,0,1,0,0,3182
83,0,2014-10-15,0.43388373911755823,-0.900968867902419,-0.8660254037844386,0.5000000000000001,-0.970063921851507,0.2428497220959358,3182.0,3871.0,4800.0,2891.4285714285716,3014.0,1460.9283415170073,3182.3333333333335,3344.0,1644.3689562770899,2710.0,0,0,1,0,0,0,1,0,0,3014
83,0,2014-10-16,-0.433883739117558,-0.9009688679024191,-0.8660254037844386,0.5000000000000001,-0.965739937654855,0.25951179706979943,3014.0,3318.0,5918.0,2862.285714285714,3014.0,1453.0140758994455,3162.6666666666665,3315.0,1641.4402702868997,2710.0,0,0,1,0,0,0,1,0,0,3114
83,0,2014-10-17,-0.9749279121818236,-0.2225209339563146,-0.8660254037844386,0.5000000000000001,-0.9611297838723007,0.27609697309746883,3114.0,4932.0,0.0,2646.5714285714284,3014.0,1181.1952783999366,3147.6,3315.0,1636.753590874744,2710.0,0,0,1,0,0,0,1,0,0,3422
83,0,2014-10-18,-0.7818314824680299,0.6234898018587334,-0.8660254037844386,0.5000000000000001,-0.9562348265919058,0.2926003356333479,3422.0,2890.0,3966.0,2629.1428571428573,3014.0,1177.9003110862825,3098.9333333333334,3265.5,1625.1863115121375,2710.0,0,0,1,0,0,0,1,0,0,2768
83,0,2014-10-19,-2.4492935982947064e-16,1.0,-0.8660254037844386,0.5000000000000001,-0.9510565162951536,0.30901699437494723,2768.0,0.0,0.0,2629.1428571428573,3014.0,1177.9003110862825,2975.4333333333334,3200.5,1715.7906528384533,2710.0,0,0,1,0,0,0,1,0,0,0
83,0,2014-10-20,0.7818314824680298,0.6234898018587336,-0.8660254037844386,0.5000000000000001,-0.9455963874271428,0.3253420847119795,0.0,2904.0,5612.0,3015.8571428571427,3114.0,1637.7721075261018,3061.5,3265.5,1782.0494545945348,2710.0,1,0,1,0,0,0,1,0,0,5611
83,0,2014-10-21,0.9749279121818236,-0.22252093395631434,-0.8660254037844386,0.5000000000000001,-0.9398560579418953,0.341570769167856,5611.0,3182.0,3631.0,3125.8571428571427,3114.0,1676.1983204632502,3193.233333333333,3315.0,1691.71312240159,2710.0,1,0,1,0,0,0,1,0,0,3952
83,0,2014-10-22,0.43388373911755823,-0.900968867902419,-0.8660254037844386,0.5000000000000001,-0.9338372288229252,0.35769823883312546,3952.0,3014.0,3871.0,3245.1428571428573,3422.0,1696.4995754564218,3209.2,3315.0,1695.6947594544745,2710.0,1,0,1,0,0,0,1,0,0,3849
83,0,2014-10-23,-0.433883739117558,-0.9009688679024191,-0.8660254037844386,0.5000000000000001,-0.9275416835791965,0.3737197147904692,3849.0,3114.0,3318.0,3322.0,3652.0,1701.7466517277699,3226.1,3344.5,1697.5583144724285,2710.0,1,0,1,0,0,0,1,0,0,3652
83,0,2014-10-24,-0.9749279121818236,-0.2225209339563146,-0.8660254037844386,0.5000000000000001,-0.9209712877166346,0.38963044953078774,3652.0,3422.0,4932.0,3419.714285714286,3849.0,1727.8825880525696,3255.6666666666665,3396.5,1705.1379827538517,2710.0,1,0,1,0,0,0,1,0,0,4106
83,0,2014-10-25,-0.7818314824680299,0.6234898018587334,-0.8660254037844386,0.5000000000000001,-0.9141279881853337,0.4054257283599973,4106.0,2768.0,2890.0,3503.8571428571427,3849.0,1705.0469620679512,3257.1666666666665,3396.5,1705.2090393309793,2710.0,0,0,1,0,0,0,1,0,0,3357
83,0,2014-10-26,-2.4492935982947064e-16,1.0,-0.8660254037844386,0.5000000000000001,-0.9070138128026362,0.42110087079608916,3357.0,0.0,0.0,3503.8571428571427,3849.0,1705.0469620679512,3144.8,3389.5,1805.5640708080932,2710.0,0,0,1,0,0,0,1,0,0,0
83,0,2014-10-27,0.7818314824680298,0.6234898018587336,-0.8660254037844386,0.5000000000000001,-0.8996308696522434,0.4366512319560638,0.0,5611.0,2904.0,3227.4285714285716,3676.0,1443.2488647888472,3161.4,3526.5,1808.1672107603752,2710.0,0,0,1,0,0,0,1,0,0,3676
83,0,2014-10-28,0.9749279121818236,-0.22252093395631434,-0.8660254037844386,0.5000000000000001,-0.8919813464595487,0.45207220393230374,3676.0,3952.0,3182.0,3176.1428571428573,3652.0,1419.391351785624,3281.1666666666665,3612.0,1707.752083342576,2710.0,0,0,1,0,0,0,1,0,0,3593
83,0,2014-10-29,0.43388373911755823,-0.900968867902419,-0.8660254037844386,0.5000000000000001,-0.8840675099433637,0.46735921715800205,3593.0,3849.0,3014.0,3134.8571428571427,3593.0,1400.6372869247132,3225.4,3576.5,1668.6861980570811,2710.0,0,0,1,0,0,0,1,0,0,3560
83,0,2014-10-30,-0.433883739117558,-0.9009688679024191,-0.8660254037844386,0.5000000000000001,-0.8758917051442433,0.48250774176121763,3560.0,3652.0,3114.0,3136.285714285714,3593.0,1401.2576154162077,3212.0,3576.5,1663.3252735160465,2710.0,0,0,1,0,0,0,1,0,0,3662
83,0,2014-10-31,-0.9749279121818236,-0.2225209339563146,-0.8660254037844386,0.5000000000000001,-0.867456354729597,0.4975132889071803,3662.0,4106.0,3422.0,3237.1428571428573,3593.0,1504.3052026956343,3212.4,3576.5,1663.72172324995,2710.0,0,0,1,0,0,0,1,0,0,4812
83,0,2014-11-01,-0.7818314824680299,0.6234898018587334,-0.5000000000000004,0.8660254037844384,-0.858763958275803,0.5123714121284235,4812.0,3357.0,2768.0,2757.5714285714284,3593.0,1933.5809488393038,3015.133333333333,3491.0,1682.5980267254029,2710.0,0,0,1,0,0,0,1,0,0,0
83,0,2014-11-02,-2.4492935982947064e-16,1.0,-0.5000000000000004,0.8660254037844384,-0.8498170915275277,0.5270777086423724,0.0,0.0,0.0,2757.5714285714284,3593.0,1933.5809488393038,3015.133333333333,3491.0,1682.5980267254029,2710.0,0,0,1,0,0,0,1,0,0,0
83,0,2014-11-03,0.7818314824680298,0.6234898018587336,-0.5000000000000004,0.8660254037844384,-0.8406184056344783,0.5416278206559811,0.0,3676.0,5611.0,3061.8571428571427,3593.0,2244.760152634832,3076.4666666666667,3491.0,1750.6145075438449,2710.0,1,0,1,0,0,0,1,0,0,5806
83,0,2014-11-04,0.9749279121818236,-0.22252093395631434,-0.5000000000000004,0.8660254037844384,-0.8311706263658079,0.5560174366570446,5806.0,3593.0,3952.0,3245.714285714286,3662.0,2345.939592450876,3239.133333333333,3576.5,1680.2006804059959,2710.0,1,0,1,0,0,0,1,0,0,4880
83,0,2014-11-05,0.43388373911755823,-0.900968867902419,-0.5000000000000004,0.8660254037844384,-0.8214765533024145,0.5702422926917867,4880.0,3560.0,3849.0,3374.0,4458.0,2390.1274721933437,3200.6666666666665,3576.5,1636.6482219154002,2710.0,1,0,1,0,0,0,1,0,0,4458
83,0,2014-11-06,-0.433883739117558,-0.9009688679024191,-0.5000000000000004,0.8660254037844384,-0.8115390590073611,0.5842981736283683,4458.0,3662.0,3652.0,3522.5714285714284,4702.0,2442.757380307677,3236.366666666667,3576.5,1657.9015087283285,2710.0,1,0,1,0,0,0,1,0,0,4702
83,0,2014-11-07,-0.9749279121818236,-0.2225209339563146,-0.5000000000000004,0.8660254037844384,-0.8013610881746769,0.5981809144059159,4702.0,4812.0,4106.0,3476.8571428571427,4492.0,2417.468333372156,3257.0666666666666,3576.5,1669.9317131058897,2710.0,1,0,1,0,0,0,1,0,0,4492
83,0,2014-11-08,-0.7818314824680299,0.6234898018587334,-0.5000000000000004,0.8660254037844384,-0.7909456567567774,0.6118864012687242,4492.0,0.0,3357.0,3992.0,4492.0,1876.852684682525,3266.6666666666665,3599.5,1671.1214762864297,2710.0,0,0,1,0,0,0,1,0,0,3606
83,0,2014-11-09,-2.4492935982947064e-16,1.0,-0.5000000000000004,0.8660254037844384,-0.780295851070776,0.6254105729852457,3606.0,0.0,0.0,3992.0,4492.0,1876.8526846825253,3102.266666666667,3576.5,1742.7061582558827,2710.0,0,0,1,0,0,0,1,0,0,0
83,0,2014-11-10,0.7818314824680298,0.6234898018587336,-0.5000000000000004,0.8660254037844384,-0.7694148268839381,0.6387494220515268,0.0,5806.0,3676.0,3894.1428571428573,4492.0,1781.9684273831788,3176.633333333333,3599.5,1780.5271688043865,2710.0,1,0,1,0,0,0,1,0,0,5121
83,0,2014-11-11,0.9749279121818236,-0.22252093395631434,-0.5000000000000004,0.8660254037844384,-0.7583058084785625,0.6518989958787125,5121.0,4880.0,3593.0,3888.8571428571427,4492.0,1778.6084849840186,3338.0666666666666,3629.0,1700.3244098849382,2710.0,1,0,1,0,0,0,1,0,0,4843
83,0,2014-11-12,0.43388373911755823,-0.900968867902419,-0.5000000000000004,0.8660254037844384,-0.7469720876965551,0.6648553979642867,4843.0,4458.0,3560.0,3814.1428571428573,4492.0,1761.6194659622568,3372.4333333333334,3657.0,1701.6672692986392,2710.0,1,0,1,0,0,0,1,0,0,3935
83,0,2014-11-13,-0.433883739117558,-0.9009688679024191,-0.5000000000000004,0.8660254037844384,-0.7354170229639858,0.6776147890466887,3935.0,4702.0,3662.0,3718.8571428571427,4035.0,1723.2116748068072,3400.866666666667,3669.0,1705.497697272643,2710.0,1,0,1,0,0,0,1,0,0,4035
83,0,2014-11-14,-0.9749279121818236,-0.2225209339563146,-0.5000000000000004,0.8660254037844384,-0.7236440382959123,0.690173388242972,4035.0,4492.0,4812.0,3695.285714285714,4035.0,1711.9652171588973,3444.633333333333,3762.5,1712.062085631669,2710.0,1,0,1,0,0,0,1,0,0,4327
83,0,2014-11-15,-0.7818314824680299,0.6234898018587334,-0.5000000000000004,0.8660254037844384,-0.7116566222817751,0.7025274741691566,4327.0,3606.0,0.0,3668.714285714286,4035.0,1715.0227126081772,3454.8333333333335,3762.5,1710.9354989622443,2710.0,0,0,1,0,0,0,1,0,0,3420
83,0,2014-11-16,-2.4492935982947064e-16,1.0,-0.5000000000000004,0.8660254037844384,-0.6994583270516471,0.7146733860429608,3420.0,0.0,0.0,3668.714285714286,4035.0,1715.0227126081772,3340.766666666667,3762.5,1823.5638408372722,2710.0,0,0,1,0,0,0,1,0,0,0
83,0,2014-11-17,0.7818314824680298,0.6234898018587336,-0.5000000000000004,0.8660254037844384,-0.6870527672236675,0.726607524768565,0.0,5121.0,5806.0,3477.1428571428573,3935.0,1596.5677173832887,3374.5,3814.5,1821.9626921877755,2710.0,0,0,1,0,0,0,1,0,0,3780
83,0,2014-11-18,0.9749279121818236,-0.22252093395631434,-0.5000000000000004,0.8660254037844384,-0.6744436188329457,0.7383263540031063,3780.0,4843.0,4880.0,3217.1428571428573,3780.0,1481.0835480115525,3475.266666666667,3814.5,1708.9881848895104,2710.0,0,0,1,0,0,0,1,0,0,3023
83,0,2014-11-19,0.43388373911755823,-0.900968867902419,-0.5000000000000004,0.8660254037844384,-0.661634618242279,0.749826401204568,3023.0,3935.0,4458.0,3167.8571428571427,3590.0,1458.786645191986,3407.9,3728.0,1661.0573771982765,2710.0,0,0,1,0,0,0,1,0,0,3590
83,0,2014-11-20,-0.433883739117558,-0.9009688679024191,-0.5000000000000004,0.8660254037844384,-0.6486295610349818,0.7611042586607742,3590.0,4035.0,4702.0,3010.0,3420.0,1408.2233487625517,3373.8333333333335,3669.0,1659.9933959846448,2710.0,0,0,1,0,0,0,1,0,0,2930
83,0,2014-11-21,-0.9749279121818236,-0.2225209339563146,-0.5000000000000004,0.8660254037844384,-0.6354323008901775,0.7721565844991641,2930.0,4327.0,4492.0,2941.285714285714,3420.0,1343.4975144854523,3373.733333333333,3669.0,1659.9638744164904,2710.0,0,0,1,0,0,0,1,0,0,3846
83,0,2014-11-22,-0.7818314824680299,0.6234898018587334,-0.5000000000000004,0.8660254037844384,-0.622046748440868,0.7829801036770625,3846.0,3420.0,3606.0,2936.5714285714284,3387.0,1341.5943074246784,3364.9,3669.0,1659.1369245733604,2710.0,0,0,1,0,0,0,1,0,0,3387
83,0,2014-11-23,-2.4492935982947064e-16,1.0,-0.5000000000000004,0.8660254037844384,-0.6084768701151264,0.7935716089521472,3387.0,0.0,0.0,2936.5714285714284,3387.0,1341.5943074246784,3228.0333333333333,3634.0,1762.0586800541043,2710.0,0,0,1,0,0,0,1,0,0,0
83,0,2014-11-24,0.7818314824680298,0.6234898018587336,-0.5000000000000004,0.8660254037844384,-0.594726686960764,0.8039279618328208,0.0,3780.0,5121.0,3143.0,3387.0,1582.534675765436,3290.3,3669.0,1799.383058066059,2710.0,1,0,1,0,0,0,1,0,0,5225
83,0,2014-11-25,0.9749279121818236,-0.22252093395631434,-0.5000000000000004,0.8660254037844384,-0.5808002734538014,0.8140460935082175,5225.0,3023.0,4843.0,3474.8571428571427,3590.0,1783.9282897182702,3468.5,3728.0,1725.4961655249685,2710.0,1,0,1,0,0,0,1,0,0,5346
83,0,2014-11-26,0.43388373911755823,-0.900968867902419,-0.5000000000000004,0.8660254037844384,-0.5667017562911184,0.8239230057575536,5346.0,3590.0,3935.0,3576.4285714285716,3846.0,1811.6032362838985,3489.3333333333335,3813.0,1731.849247507399,2710.0,1,0,1,0,0,0,1,0,0,4301
83,0,2014-11-27,-0.433883739117558,-0.9009688679024191,-0.5000000000000004,0.8660254037844384,-0.5524353131676203,0.8335557718385695,4301.0,2930.0,4035.0,3738.8571428571427,4067.0,1794.8791443596276,3505.133333333333,3890.5,1734.9869866019606,2710.0,1,0,1,0,0,0,1,0,0,4067
83,0,2014-11-28,-0.9749279121818236,-0.2225209339563146,-0.5000000000000004,0.8660254037844384,-0.5380051715382992,0.8429415373547832,4067.0,3846.0,4327.0,3901.5714285714284,4301.0,1856.7717376442074,3552.633333333333,3985.0,1755.9212432918705,2710.0,1,0,1,0,0,0,1,0,0,4985
83,0,2014-11-29,-0.7818314824680299,0.6234898018587334,-0.5000000000000004,0.8660254037844384,-0.5234156073655503,0.8520775211013093,4985.0,3387.0,3420.0,3978.8571428571427,4301.0,1842.9917189695886,3561.5,3985.0,1757.1636971610471,2710.0,0,0,1,0,0,0,1,0,0,3928
83,0,2014-11-30,-2.4492935982947064e-16,1.0,-0.5000000000000004,0.8660254037844384,-0.5086709438521042,0.8609610158889945,3928.0,0.0,0.0,3978.8571428571427,4301.0,1842.9917189695886,3401.1,3931.5,1855.9298320193304,2710.0,0,0,1,0,0,0,1,0,0,0
83,0,2014-12-01,0.7818314824680298,0.6234898018587336,-2.4492935982947064e-16,1.0,-0.4937755501599774,0.8695893893466109,0.0,5225.0,3780.0,4088.4285714285716,4301.0,1949.1682719511298,3600.8333333333335,3985.0,1798.8336275320796,2710.0,1,0,1,0,0,0,1,0,0,5992
83,0,2014-12-02,0.9749279121818236,-0.22252093395631434,-2.4492935982947064e-16,1.0,-0.4787338401157883,0.8779600847008883,5992.0,5346.0,3023.0,4031.5714285714284,4301.0,1911.8180576912357,3765.766666666667,4051.0,1680.2199914119046,2710.0,1,0,1,0,0,0,1,0,0,4948
83,0,2014-12-03,0.43388373911755823,-0.900968867902419,-2.4492935982947064e-16,1.0,-0.4635502709028512,0.8860706215341377,4948.0,4301.0,3590.0,4129.142857142857,4948.0,1945.001150691299,3738.366666666667,4051.0,1652.2717377605566,2710.0,1,0,1,0,0,0,1,0,0,4984
83,0,2014-12-04,-0.433883739117558,-0.9009688679024191,-2.4492935982947064e-16,1.0,-0.4482293417404106,0.893918596519257,4984.0,4067.0,2930.0,4250.714285714285,4948.0,1966.9415102544112,3739.633333333333,4051.0,1653.191427331478,2710.0,1,0,1,0,0,0,1,0,0,4918
83,0,2014-12-05,-0.9749279121818236,-0.2225209339563146,-2.4492935982947064e-16,1.0,-0.4327755925504317,0.9015016841318838,4918.0,4985.0,3846.0,4263.571428571428,4948.0,1972.826555743717,3760.2,4051.0,1666.2230549855888,2710.0,1,0,1,0,0,0,1,0,0,5075
83,0,2014-12-06,-0.7818314824680299,0.6234898018587334,-2.4492935982947064e-16,1.0,-0.41719360261231697,0.9088176373395028,5075.0,3928.0,3387.0,4220.142857142857,4948.0,1984.7547647481479,3724.266666666667,3985.0,1656.8094168244434,2710.0,0,0,1,0,0,0,1,0,0,3624
83,0,2014-12-07,-2.4492935982947064e-16,1.0,-2.4492935982947064e-16,1.0,-0.4014879892059737,0.9158642882672868,3624.0,0.0,0.0,4220.142857142857,4948.0,1984.7547647481479,3574.5333333333333,3931.5,1783.1940682543393,2710.0,0,0,1,0,0,0,1,0,0,0
83,0,2014-12-08,0.7818314824680298,0.6234898018587336,-2.4492935982947064e-16,1.0,-0.38566340624360745,0.9226395488404875,0.0,5992.0,5225.0,4007.0,4918.0,1837.404963528727,3604.3333333333335,3985.0,1791.1902098370463,2710.0,0,0,1,0,0,0,1,0,0,4500
83,0,2014-12-09,0.9749279121818236,-0.22252093395631434,-2.4492935982947064e-16,1.0,-0.3697245428906732,0.9291414114031743,4500.0,4948.0,5346.0,3890.0,4500.0,1793.038482576435,3741.9666666666667,4051.0,1658.398448094929,2710.0,0,0,1,0,0,0,1,0,0,4129
83,0,2014-12-10,0.43388373911755823,-0.900968867902419,-2.4492935982947064e-16,1.0,-0.3536761221763721,0.935367949313148,4129.0,4984.0,4301.0,3701.0,4129.0,1727.0147654261693,3693.3,3985.0,1637.8291593363467,2710.0,0,0,1,0,0,0,1,0,0,3661
83,0,2014-12-11,-0.433883739117558,-0.9009688679024191,-2.4492935982947064e-16,1.0,-0.33752289959411347,0.941317317512847,3661.0,4918.0,4067.0,3475.285714285714,3661.0,1642.6366725771247,3643.133333333333,3931.5,1624.393504502913,2710.0,0,0,1,0,0,0,1,0,0,3338
83,0,2014-12-12,-0.9749279121818236,-0.2225209339563146,-2.4492935982947064e-16,1.0,-0.32126966169236515,0.946987753076075,3338.0,5075.0,4985.0,3339.285714285714,3661.0,1523.1823828513063,3649.4,3981.5,1625.920229624885,2710.0,0,0,1,0,0,0,1,0,0,4123
83,0,2014-12-13,-0.7818314824680299,0.6234898018587334,-2.4492935982947064e-16,1.0,-0.3049212246562894,0.9523775757303973,4123.0,3624.0,3928.0,3325.0,3661.0,1520.5336782415175,3632.366666666667,3887.0,1624.4172957016629,2710.0,0,0,1,0,0,0,1,0,0,3524
83,0,2014-12-14,-2.4492935982947064e-16,1.0,-2.4492935982947064e-16,1.0,-0.2884824328806098,0.9574851883550389,3524.0,0.0,0.0,3325.0,3661.0,1520.5336782415175,3488.133333333333,3813.0,1748.010588094919,2710.0,0,0,1,0,0,0,1,0,0,0
83,0,2014-12-15,0.7818314824680298,0.6234898018587336,-2.4492935982947064e-16,1.0,-0.27195815753410524,0.9623090774541487,0.0,4500.0,5992.0,3686.4285714285716,3661.0,2053.619638357509,3608.4666666666667,3887.0,1863.5937054118222,2710.0,1,0,1,0,0,0,1,0,0,7030
83,0,2014-12-16,0.9749279121818236,-0.22252093395631434,-2.4492935982947064e-16,1.0,-0.2553532951161881,0.9668478136052773,7030.0,4129.0,4948.0,3886.714285714286,3661.0,2169.0971788807838,3792.8333333333335,3997.5,1765.2960498676,2710.0,1,0,1,0,0,0,1,0,0,5531
83,0,2014-12-17,0.43388373911755823,-0.900968867902419,-2.4492935982947064e-16,1.0,-0.23867276600594997,0.9711000518829505,5531.0,3661.0,4984.0,4102.285714285715,4123.0,2217.3735750722235,3839.1666666666665,4095.0,1783.0993374252675,2710.0,1,0,1,0,0,0,1,0,0,5170
83,0,2014-12-18,-0.433883739117558,-0.9009688679024191,-2.4492935982947064e-16,1.0,-0.22192151300416674,0.9750645322571945,5170.0,3338.0,4918.0,4436.285714285715,5170.0,2258.7616603119586,3927.6,4126.0,1806.8554242489693,2710.0,1,0,1,0,0,0,1,0,0,5676
83,0,2014-12-19,-0.9749279121818236,-0.2225209339563146,-2.4492935982947064e-16,1.0,-0.20510449986861926,0.9787400799669153,5676.0,4123.0,5075.0,4670.0,5531.0,2305.1064328283546,3999.9,4215.0,1836.040555295456,2710.0,1,0,1,0,0,0,1,0,0,5759
83,0,2014-12-20,-0.7818314824680299,0.6234898018587334,-2.4492935982947064e-16,1.0,-0.1882267098432439,0.9821256058680006,5759.0,3524.0,3624.0,4865.285714285715,5531.0,2249.061412699802,4065.266666666667,4400.5,1831.5387526063548,2710.0,0,0,1,0,0,0,1,0,0,4891
83,0,2014-12-21,-2.4492935982947064e-16,1.0,-2.4492935982947064e-16,1.0,-0.1712931441814778,0.9852201067560606,4891.0,0.0,0.0,4865.285714285715,5531.0,2249.061412699802,3937.0666666666666,4400.5,1976.2970412876427,2710.0,0,0,1,0,0,0,1,0,0,0
83,0,2014-12-22,0.7818314824680298,0.6234898018587336,-2.4492935982947064e-16,1.0,-0.154308820664281,0.9880226656636976,0.0,7030.0,4500.0,4795.571428571428,5531.0,2177.193365868302,4042.233333333333,4695.5,2029.252056595088,2710.0,0,0,1,0,0,0,1,0,0,6542
83,0,2014-12-23,0.9749279121818236,-0.22252093395631434,-2.4492935982947064e-16,1.0,-0.13727877211326517,0.9905324521322227,6542.0,5531.0,4129.0,4857.285714285715,5676.0,2207.4268364082263,4241.0,4904.5,1908.0817411826138,2710.0,0,0,1,0,0,0,1,0,0,5963
83,0,2014-12-24,0.43388373911755823,-0.900968867902419,-2.4492935982947064e-16,1.0,-0.12020804489935275,0.9927487224577402,5963.0,5170.0,3661.0,4626.857142857143,5676.0,2253.0598030657043,4185.4,4695.5,1902.7145871096884,2710.0,0,0,1,0,0,0,1,0,0,3557
83,0,2014-12-25,-0.433883739117558,-0.9009688679024191,-2.4492935982947064e-16,1.0,-0.10310169744743544,0.9946708199115211,3557.0,5676.0,3338.0,3816.0,4891.0,2773.756538222729,4007.2,4400.5,2035.9466560317558,2710.0,0,0,1,0,0,0,1,0,0,0
83,0,2014-12-26,-0.9749279121818236,-0.2225209339563146,-2.4492935982947064e-16,1.0,-0.0859647987374467,0.9962981749346077,0.0,5759.0,4123.0,2993.285714285714,3557.0,2949.885518359753,3863.8333333333335,4314.5,2162.071150753261,2710.0,0,0,1,0,0,0,1,0,0,0
83,0,2014-12-27,-0.7818314824680299,0.6234898018587334,-2.4492935982947064e-16,1.0,-0.06880242680232064,0.9976303053065857,0.0,4891.0,3524.0,2752.714285714286,3207.0,2835.788527275719,3835.1666666666665,4314.5,2164.9838588764105,2710.0,0,0,1,0,0,0,1,0,0,3207
83,0,2014-12-28,-2.4492935982947064e-16,1.0,-2.4492935982947064e-16,1.0,-0.05161966722325418,0.9986668162884759,3207.0,0.0,0.0,2752.714285714286,3207.0,2835.788527275719,3669.0,4126.0,2262.7839429370592,2710.0,0,0,1,0,0,0,1,0,0,0
83,0,2014-12-29,0.7818314824680298,0.6234898018587336,-2.4492935982947064e-16,1.0,-0.034421611622745804,0.9994074007397048,0.0,6542.0,7030.0,2451.0,3207.0,2451.787103318725,3685.733333333333,4279.5,2266.618199955124,2710.0,0,0,1,0,0,0,1,0,0,4430
83,0,2014-12-30,0.9749279121818236,-0.22252093395631434,-2.4492935982947064e-16,1.0,-0.01721335615583528,0.9998518392091162,4430.0,5963.0,5531.0,2190.5714285714284,3207.0,2086.1198317404924,3823.733333333333,4285.0,2157.901214276201,2710.0,0,0,1,0,0,0,1,0,0,4140
83,0,2014-12-31,0.43388373911755823,-0.900968867902419,-2.4492935982947064e-16,1.0,6.432490598706546e-16,1.0,4140.0,3557.0,5170.0,2081.5714285714284,2794.0,2021.7652235231587,3717.133333333333,4134.5,2125.847948196334,2710.0,0,0,1,0,0,0,1,0,0,2794
83,0,2015-01-01,-0.433883739117558,-0.9009688679024191,0.49999999999999994,0.8660254037844387,0.017213356155834685,0.9998518392091162,2794.0,0.0,5676.0,2081.5714285714284,2794.0,2021.7652235231587,3552.2,4126.0,2217.046908187429,2710.0,0,0,1,0,0,0,1,0,0,0
83,0,2015-01-02,-0.9749279121818236,-0.2225209339563146,0.49999999999999994,0.8660254037844387,0.03442161162274574,0.9994074007397048,0.0,0.0,5759.0,2643.8571428571427,3207.0,1889.3568948693885,3517.266666666667,4029.5,2201.913383202533,2710.0,0,0,1,0,0,0,1,0,0,3936
83,0,2015-01-03,-0.7818314824680299,0.6234898018587334,0.49999999999999994,0.8660254037844387,0.051619667223253764,0.998666816288476,3936.0,3207.0,4891.0,2553.0,2794.0,1872.983804877489,3439.0333333333333,3798.5,2192.1018646626485,2710.0,0,0,1,0,0,0,1,0,0,2571
83,0,2015-01-04,-2.4492935982947064e-16,1.0,0.49999999999999994,0.8660254037844387,0.06880242680231986,0.9976303053065857,2571.0,0.0,0.0,2553.0,2794.0,1872.983804877489,3269.866666666667,3642.5,2256.3783115996885,2710.0,0,0,1,0,0,0,1,0,0,0
83,0,2015-01-05,0.7818314824680298,0.6234898018587336,0.49999999999999994,0.8660254037844387,0.08596479873744647,0.9962981749346078,0.0,4430.0,6542.0,2686.285714285714,2794.0,2053.3316597086614,3327.8333333333335,3798.5,2287.907055673872,2710.0,1,0,1,0,0,0,1,0,0,5363
83,0,2015-01-06,0.9749279121818236,-0.22252093395631434,0.49999999999999994,0.8660254037844387,0.10310169744743485,0.9946708199115211,5363.0,4140.0,5963.0,2806.714285714286,2794.0,2173.979278825335,3493.9333333333334,4029.5,2217.7844479279884,2710.0,1,0,1,0,0,0,1,0,0,4983
83,0,2015-01-07,0.43388373911755823,-0.900968867902419,0.49999999999999994,0.8660254037844387,0.1202080448993527,0.9927487224577402,4983.0,2794.0,3557.0,2977.8571428571427,3936.0,2219.490439160265,3477.0,3964.0,2211.7691935455723,2710.0,1,0,1,0,0,0,1,0,0,3992
83,0,2015-01-08,-0.433883739117558,-0.9009688679024191,0.49999999999999994,0.8660254037844387,0.13727877211326478,0.9905324521322229,3992.0,0.0,0.0,3479.5714285714284,3936.0,1789.4357450644309,3456.4333333333334,3798.5,2208.3633928121144,2710.0,1,0,1,0,0,0,1,0,0,3512
83,0,2015-01-09,-0.9749279121818236,-0.2225209339563146,0.49999999999999994,0.8660254037844387,0.15430882066428117,0.9880226656636976,3512.0,3936.0,0.0,3488.285714285714,3992.0,1792.1753740715724,3467.633333333333,3964.0,2210.287849616178,2710.0,1,0,1,0,0,0,1,0,0,3997
83,0,2015-01-10,-0.7818314824680299,0.6234898018587334,0.49999999999999994,0.8660254037844387,0.1712931441814776,0.9852201067560606,3997.0,2571.0,3207.0,3549.714285714286,3992.0,1762.6199925381666,3456.4,3964.0,2211.8252347248203,2710.0,0,0,1,0,0,0,1,0,0,3001
83,0,2015-01-11,-2.4492935982947064e-16,1.0,0.49999999999999994,0.8660254037844387,0.1882267098432442,0.9821256058680006,3001.0,0.0,0.0,3549.714285714286,3992.0,1762.6199925381666,3318.9666666666667,3746.5,2295.4878000612143,2710.0,0,0,1,0,0,0,1,0,0,0
83,0,2015-01-12,0.7818314824680298,0.6234898018587336,0.49999999999999994,0.8660254037844387,0.2051044998686192,0.9787400799669153,0.0,5363.0,4430.0,3542.5714285714284,3992.0,1754.1279749154453,3378.6,3964.0,2324.0579047923,2710.0,1,0,1,0,0,0,1,0,0,5313
83,0,2015-01-13,0.9749279121818236,-0.22252093395631434,0.49999999999999994,0.8660254037844387,0.22192151300416552,0.9750645322571948,5313.0,4983.0,4140.0,3404.4285714285716,3992.0,1657.1816292672822,3512.4666666666667,3994.5,2236.760599976936,2710.0,1,0,1,0,0,0,1,0,0,4016
83,0,2015-01-14,0.43388373911755823,-0.900968867902419,0.49999999999999994,0.8660254037844387,0.2386727660059501,0.9711000518829505,4016.0,3992.0,2794.0,3408.8571428571427,3997.0,1659.0538898793557,3412.233333333333,3994.5,2138.933373941533,2710.0,1,0,1,0,0,0,1,0,0,4023
83,0,2015-01-15,-0.433883739117558,-0.9009688679024191,0.49999999999999994,0.8660254037844387,0.255353295116187,0.9668478136052775,4023.0,3512.0,0.0,3420.4285714285716,3997.0,1660.1752776080493,3347.633333333333,3964.0,2101.6771050813154,2710.0,1,0,1,0,0,0,1,0,0,3593
83,0,2015-01-16,-0.9749279121818236,-0.2225209339563146,0.49999999999999994,0.8660254037844387,0.2719581575341055,0.9623090774541486,3593.0,3997.0,3936.0,3351.5714285714284,3593.0,1642.1739511130659,3292.4666666666667,3764.5,2073.7276403705405,2710.0,1,0,1,0,0,0,1,0,0,3515
83,0,2015-01-17,-0.7818314824680299,0.6234898018587334,0.49999999999999994,0.8660254037844387,0.288482432880609,0.9574851883550393,3515.0,3001.0,2571.0,3382.285714285714,3593.0,1636.5251514805948,3210.4666666666667,3575.0,2024.274578167715,2710.0,0,0,1,0,0,0,1,0,0,3216
83,0,2015-01-18,-2.4492935982947064e-16,1.0,0.49999999999999994,0.8660254037844387,0.30492122465628907,0.9523775757303974,3216.0,0.0,0.0,3382.285714285714,3593.0,1636.5251514805948,3018.5,3536.0,2047.1972219396032,2710.0,0,0,1,0,0,0,1,0,0,0
83,0,2015-01-19,0.7818314824680298,0.6234898018587336,0.49999999999999994,0.8660254037844387,0.3212696616923644,0.9469877530760753,0.0,5313.0,5363.0,3155.0,3593.0,1419.8253413712603,2979.5333333333333,3536.0,2021.2882667920608,2710.0,0,0,1,0,0,0,1,0,0,3722
83,0,2015-01-20,0.9749279121818236,-0.22252093395631434,0.49999999999999994,0.8660254037844387,0.3375228995941133,0.9413173175128471,3722.0,4016.0,4983.0,3004.714285714286,3515.0,1368.2399538928066,3078.3333333333335,3536.0,1941.4921444925872,2710.0,0,0,1,0,0,0,1,0,0,2964
83,0,2015-01-21,0.43388373911755823,-0.900968867902419,0.49999999999999994,0.8660254037844387,0.3536761221763716,0.9353679493131483,2964.0,4023.0,3992.0,2882.714285714286,3216.0,1298.613326371092,2965.9,3513.5,1828.3623414750498,2710.0,0,0,1,0,0,0,1,0,0,3169
83,0,2015-01-22,-0.433883739117558,-0.9009688679024191,0.49999999999999994,0.8660254037844387,0.3697245428906731,0.9291414114031743,3169.0,3593.0,3512.0,2787.4285714285716,3169.0,1261.7574855656592,2864.6666666666665,3364.0,1738.567530316626,2710.0,0,0,1,0,0,0,1,0,0,2926
83,0,2015-01-23,-0.9749279121818236,-0.2225209339563146,0.49999999999999994,0.8660254037844387,0.38566340624360707,0.9226395488404876,2926.0,3515.0,3997.0,2747.8571428571427,3169.0,1239.2796870993916,2854.0333333333333,3227.0,1735.1592887891454,2710.0,0,0,1,0,0,0,1,0,0,3238
83,0,2015-01-24,-0.7818314824680299,0.6234898018587334,0.49999999999999994,0.8660254037844387,0.401487989205973,0.9158642882672872,3238.0,3216.0,3001.0,2631.8571428571427,2964.0,1226.0895057827147,2934.1666666666665,3227.0,1652.3435620737066,2710.0,0,0,1,0,0,0,1,0,0,2404
83,0,2015-01-25,-2.4492935982947064e-16,1.0,0.49999999999999994,0.8660254037844387,0.4171936026123168,0.9088176373395029,2404.0,0.0,0.0,2631.8571428571427,2964.0,1226.0895057827147,2934.1666666666665,3227.0,1652.3435620737066,2710.0,0,0,1,0,0,0,1,0,0,0
83,0,2015-01-26,0.7818314824680298,0.6234898018587336,0.49999999999999994,0.8660254037844387,0.4327755925504312,0.901501684131884,0.0,3722.0,5313.0,2813.1428571428573,2964.0,1481.3768852626592,2993.633333333333,3375.0,1694.0766477658958,2710.0,1,0,1,0,0,0,1,0,0,4991
83,0,2015-01-27,0.9749279121818236,-0.22252093395631434,0.49999999999999994,0.8660254037844387,0.4482293417404106,0.893918596519257,4991.0,2964.0,4016.0,3056.1428571428573,3169.0,1641.144867520992,3149.133333333333,3513.5,1622.399175621542,2710.0,1,0,1,0,0,0,1,0,0,4665
83,0,2015-01-28,0.43388373911755823,-0.900968867902419,0.49999999999999994,0.8660254037844387,0.4635502709028509,0.886070621534138,4665.0,3169.0,4023.0,3260.4285714285716,3238.0,1743.3531729727913,3154.766666666667,3513.5,1627.2860351609588,2710.0,1,0,1,0,0,0,1,0,0,4599
83,0,2015-01-29,-0.433883739117558,-0.9009688679024191,0.49999999999999994,0.8660254037844387,0.47873384011578846,0.8779600847008882,4599.0,2926.0,3593.0,3418.4285714285716,4032.0,1758.048810200567,3151.1666666666665,3513.5,1625.1493317768372,2710.0,1,0,1,0,0,0,1,0,0,4032
83,0,2015-01-30,-0.9749279121818236,-0.2225209339563146,0.49999999999999994,0.8660254037844387,0.4937755501599772,0.869589389346611,4032.0,3238.0,3515.0,3610.714285714286,4584.0,1807.9269633372671,3210.8333333333335,3554.0,1644.3302815166521,2710.0,1,0,1,0,0,0,1,0,0,4584
83,0,2015-01-31,-0.7818314824680299,0.6234898018587334,0.49999999999999994,0.8660254037844387,0.5086709438521044,0.8609610158889943,4584.0,2404.0,3216.0,3777.285714285714,4584.0,1730.2637288657982,3329.8333333333335,3581.5,1529.0921373049448,2710.0,0,0,1,0,0,0,1,0,0,3570
83,0,2015-02-01,-2.4492935982947064e-16,1.0,0.8660254037844386,0.5000000000000001,0.5234156073655503,0.8520775211013093,3570.0,0.0,0.0,3777.285714285714,4584.0,1730.2637288657982,3198.633333333333,3542.5,1640.116784810179,2710.0,0,0,1,0,0,0,1,0,0,0
83,0,2015-02-02,0.7818314824680298,0.6234898018587336,0.8660254037844386,0.5000000000000001,0.5380051715382996,0.8429415373547828,0.0,4991.0,3722.0,3790.714285714286,4584.0,1741.5810550843094,3282.4333333333334,3581.5,1670.8792994508374,2710.0,1,0,1,0,0,0,1,0,0,5085
83,0,2015-02-03,0.9749279121818236,-0.22252093395631434,0.8660254037844386,0.5000000000000001,0.5524353131676196,0.8335557718385699,5085.0,4665.0,2964.0,3775.5714285714284,4559.0,1733.1527012107995,3434.4,3657.5,1566.0815278024725,2710.0,1,0,1,0,0,0,1,0,0,4559
83,0,2015-02-04,0.43388373911755823,-0.900968867902419,0.8660254037844386,0.5000000000000001,0.5667017562911176,0.8239230057575542,4559.0,4599.0,3169.0,3724.714285714286,4243.0,1710.0321355933374,3397.0666666666666,3657.5,1531.4884788726058,2710.0,1,0,1,0,0,0,1,0,0,4243
83,0,2015-02-05,-0.433883739117558,-0.9009688679024191,0.8660254037844386,0.5000000000000001,0.5808002734538009,0.8140460935082178,4243.0,4032.0,2926.0,3678.8571428571427,4243.0,1704.7141919367255,3354.6666666666665,3652.0,1503.4178149924821,2710.0,1,0,1,0,0,0,1,0,0,3711
83,0,2015-02-06,-0.9749279121818236,-0.2225209339563146,0.8660254037844386,0.5000000000000001,0.5947266869607634,0.8039279618328213,3711.0,4584.0,3238.0,3662.714285714286,4243.0,1695.2229660908656,3370.633333333333,3652.0,1512.9332889396005,2710.0,1,0,1,0,0,0,1,0,0,4471
83,0,2015-02-07,-0.7818314824680299,0.6234898018587334,0.8660254037844386,0.5000000000000001,0.6084768701151261,0.7935716089521474,4471.0,3570.0,2404.0,3621.5714285714284,4243.0,1701.3320131730982,3362.9666666666667,3652.0,1512.7749675013922,2710.0,0,0,1,0,0,0,1,0,0,3282
83,0,2015-02-08,-2.4492935982947064e-16,1.0,0.8660254037844386,0.5000000000000001,0.6220467484408675,0.7829801036770629,3282.0,0.0,0.0,3621.5714285714284,4243.0,1701.3320131730982,3229.733333333333,3581.5,1626.7289779849866,2710.0,0,0,1,0,0,0,1,0,0,0
83,0,2015-02-09,0.7818314824680298,0.6234898018587336,0.8660254037844386,0.5000000000000001,0.6354323008901774,0.7721565844991642,0.0,5085.0,4991.0,3363.1428571428573,3711.0,1574.6683702260896,3238.9,3581.5,1626.1703339971498,2710.0,0,0,1,0,0,0,1,0,0,3276
83,0,2015-02-10,0.9749279121818236,-0.22252093395631434,0.8660254037844386,0.5000000000000001,0.6486295610349814,0.7611042586607747,3276.0,4559.0,4665.0,3272.4285714285716,3711.0,1511.311004519244,3369.7,3652.0,1510.3561842983477,2710.0,0,0,1,0,0,0,1,0,0,3924
83,0,2015-02-11,0.43388373911755823,-0.900968867902419,0.8660254037844386,0.5000000000000001,0.6616346182422783,0.7498264012045686,3924.0,4243.0,4599.0,3325.0,3711.0,1556.426676718185,3346.3,3652.0,1484.4258416338396,2710.0,0,0,1,0,0,0,1,0,0,4611
83,0,2015-02-12,-0.433883739117558,-0.9009688679024191,0.8660254037844386,0.5000000000000001,0.6744436188329455,0.7383263540031065,4611.0,3711.0,4032.0,3170.8571428571427,3282.0,1565.2325097326038,3300.1666666666665,3581.5,1484.4011931748232,2710.0,0,0,1,0,0,0,1,0,0,2632
83,0,2015-02-13,-0.9749279121818236,-0.2225209339563146,0.8660254037844386,0.5000000000000001,0.6870527672236669,0.7266075247685656,2632.0,4471.0,4584.0,3154.285714285714,3282.0,1549.7105874200902,3311.233333333333,3581.5,1491.1979836483047,2710.0,0,0,1,0,0,0,1,0,0,4355
83,0,2015-02-14,-0.7818314824680299,0.6234898018587334,0.8660254037844386,0.5000000000000001,0.6994583270516471,0.7146733860429609,4355.0,3282.0,3570.0,3136.714285714286,3276.0,1548.7181489095817,3296.766666666667,3542.5,1490.4752235290632,2710.0,0,0,1,0,0,0,1,0,0,3159
83,0,2015-02-15,-2.4492935982947064e-16,1.0,0.8660254037844386,0.5000000000000001,0.7116566222817746,0.702527474169157,3159.0,0.0,0.0,3136.714285714286,3276.0,1548.7181489095817,3179.6,3426.0,1606.3792999078398,2710.0,0,0,1,0,0,0,1,0,0,0
83,0,2015-02-16,0.7818314824680298,0.6234898018587336,0.8660254037844386,0.5000000000000001,0.7236440382959124,0.6901733882429719,0.0,3276.0,5085.0,2983.285714285714,3159.0,1585.3850966758594,3145.8,3426.0,1616.224664307914,2710.0,1,0,1,0,0,0,1,0,0,2202
83,0,2015-02-17,0.9749279121818236,-0.22252093395631434,0.8660254037844386,0.5000000000000001,0.7354170229639855,0.6776147890466889,2202.0,3924.0,4559.0,3203.1428571428573,3159.0,1826.031893530475,3327.9,3640.5,1556.209239322178,2710.0,1,0,1,0,0,0,1,0,0,5463
83,0,2015-02-18,0.43388373911755823,-0.900968867902419,0.8660254037844386,0.5000000000000001,0.7469720876965552,0.6648553979642865,5463.0,4611.0,4243.0,3093.1428571428573,3159.0,1748.6401791650828,3331.866666666667,3640.5,1557.3996172518086,2710.0,1,0,1,0,0,0,1,0,0,3841
83,0,2015-02-19,-0.433883739117558,-0.9009688679024191,0.8660254037844386,0.5000000000000001,0.7583058084785625,0.6518989958787126,3841.0,2632.0,3711.0,3291.285714285714,3841.0,1766.1723881778694,3367.0333333333333,3776.0,1560.714237099491,2710.0,1,0,1,0,0,0,1,0,0,4019
83,0,2015-02-20,-0.9749279121818236,-0.2225209339563146,0.8660254037844386,0.5000000000000001,0.7694148268839378,0.6387494220515272,4019.0,4355.0,4471.0,3214.285714285714,3816.0,1723.2973930119897,3388.6,3828.5,1562.352770442813,2710.0,1,0,1,0,0,0,1,0,0,3816
83,0,2015-02-21,-0.7818314824680299,0.6234898018587334,0.8660254037844386,0.5000000000000001,0.7802958510707755,0.6254105729852463,3816.0,3159.0,3282.0,3300.4285714285716,3816.0,1735.1039216852782,3416.4666666666667,3828.5,1561.2723753032478,2710.0,0,0,1,0,0,0,1,0,0,3762
83,0,2015-02-22,-2.4492935982947064e-16,1.0,0.8660254037844386,0.5000000000000001,0.7909456567567772,0.6118864012687243,3762.0,0.0,0.0,3300.4285714285716,3816.0,1735.1039216852782,3308.5333333333333,3828.5,1681.3426230521673,2710.0,0,0,1,0,0,0,1,0,0,0
83,0,2015-02-23,0.7818314824680298,0.6234898018587336,0.8660254037844386,0.5000000000000001,0.8013610881746766,0.5981809144059164,0.0,2202.0,3276.0,3495.1428571428573,3816.0,1666.4118567120454,3347.233333333333,3828.5,1673.146337836616,2710.0,0,0,1,0,0,0,1,0,0,3565
83,0,2015-02-24,0.9749279121818236,-0.22252093395631434,0.8660254037844386,0.5000000000000001,0.8115390590073611,0.5842981736283683,3565.0,5463.0,3924.0,3150.8571428571427,3762.0,1423.3101592849766,3449.0,3828.5,1550.917970662577,2710.0,0,0,1,0,0,0,1,0,0,3053
83,0,2015-02-25,0.43388373911755823,-0.900968867902419,0.8660254037844386,0.5000000000000001,0.8214765533024142,0.5702422926917871,3053.0,3841.0,4611.0,3044.5714285714284,3565.0,1390.5872688835354,3385.866666666667,3789.0,1524.3044255033783,2710.0,0,0,1,0,0,0,1,0,0,3097
83,0,2015-02-26,-0.433883739117558,-0.9009688679024191,0.8660254037844386,0.5000000000000001,0.8311706263658079,0.5560174366570446,3097.0,4019.0,2632.0,2930.1428571428573,3218.0,1328.6149967254732,3337.633333333333,3736.5,1505.207271403193,2710.0,0,0,1,0,0,0,1,0,0,3218
83,0,2015-02-27,-0.9749279121818236,-0.2225209339563146,0.8660254037844386,0.5000000000000001,0.8406184056344782,0.5416278206559814,3218.0,3816.0,4355.0,2956.8571428571427,3218.0,1351.085419033093,3317.766666666667,3736.5,1491.858888661441,2710.0,0,0,1,0,0,0,1,0,0,4003
83,0,2015-02-28,-0.7818314824680299,0.6234898018587334,0.8660254037844386,0.5000000000000001,0.8498170915275278,0.5270777086423722,4003.0,3762.0,3159.0,2860.4285714285716,3097.0,1307.4264615575798,3286.266666666667,3640.5,1486.224119483102,2710.0,0,0,1,0,0,0,1,0,0,3087
83,0,2015-03-01,-2.4492935982947064e-16,1.0,1.0,6.123233995736766e-17,0.8587639582758029,0.5123714121284237,3087.0,0.0,0.0,2860.4285714285716,3097.0,1307.4264615575798,3133.4666666666667,3567.5,1580.833515047944,2710.0,0,0,1,0,0,0,1,0,0,0
83,0,2015-03-02,0.7818314824680298,0.6234898018587336,1.0,6.123233995736766e-17,0.8674563547295968,0.49751328890718066,0.0,3565.0,2202.0,3125.8571428571427,3097.0,1624.467546466788,3195.233333333333,3638.0,1633.791352975483,2710.0,1,0,1,0,0,0,1,0,0,5423
83,0,2015-03-03,0.9749279121818236,-0.22252093395631434,1.0,6.123233995736766e-17,0.8758917051442429,0.48250774176121847,5423.0,3053.0,5463.0,3342.8571428571427,3218.0,1712.1996990783005,3347.633333333333,3736.5,1535.7593759829463,2710.0,1,0,1,0,0,0,1,0,0,4572
83,0,2015-03-04,0.43388373911755823,-0.900968867902419,1.0,6.123233995736766e-17,0.8840675099433636,0.46735921715800227,4572.0,3097.0,3841.0,3576.714285714286,4003.0,1783.3384156580917,3335.9333333333334,3736.5,1523.3539660062972,2710.0,1,0,1,0,0,0,1,0,0,4734
83,0,2015-03-05,-0.433883739117558,-0.9009688679024191,1.0,6.123233995736766e-17,0.8919813464595485,0.45207220393230435,4734.0,3218.0,4019.0,3711.285714285714,4160.0,1787.2956959501441,3322.633333333333,3736.5,1514.0206686361514,2710.0,1,0,1,0,0,0,1,0,0,4160
83,0,2015-03-06,-0.9749279121818236,-0.2225209339563146,1.0,6.123233995736766e-17,0.8996308696522433,0.43665123195606403,4160.0,4003.0,3816.0,3755.4285714285716,4312.0,1799.475651140527,3324.9333333333334,3736.5,1515.5187101845784,2710.0,1,0,1,0,0,0,1,0,0,4312
83,0,2015-03-07,-0.7818314824680299,0.6234898018587334,1.0,6.123233995736766e-17,0.9070138128026359,0.4211008707960896,4312.0,3087.0,3762.0,3763.714285714286,4312.0,1796.0150996289656,3306.0666666666666,3663.5,1514.0692129520312,2710.0,0,0,1,0,0,0,1,0,0,3145
83,0,2015-03-08,-2.4492935982947064e-16,1.0,1.0,6.123233995736766e-17,0.9141279881853337,0.40542572835999735,3145.0,0.0,0.0,3763.714285714286,4312.0,1796.0150996289656,3157.0333333333333,3423.5,1612.3065611497166,2710.0,0,0,1,0,0,0,1,0,0,0
83,0,2015-03-09,0.7818314824680298,0.6234898018587336,1.0,6.123233995736766e-17,0.9209712877166346,0.38963044953078796,0.0,5423.0,3565.0,3501.5714285714284,4160.0,1640.662250144017,3167.233333333333,3576.5,1614.0913464586295,2710.0,0,0,1,0,0,0,1,0,0,3588
83,0,2015-03-10,0.9749279121818236,-0.22252093395631434,1.0,6.123233995736766e-17,0.9275416835791966,0.37371971479046906,3588.0,4572.0,3053.0,3302.285714285714,3588.0,1572.2680766211333,3273.133333333333,3576.5,1499.2609612355834,2710.0,0,0,1,0,0,0,1,0,0,3177
83,0,2015-03-11,0.43388373911755823,-0.900968867902419,1.0,6.123233995736766e-17,0.9338372288229252,0.35769823883312546,3177.0,4734.0,3097.0,3122.285714285714,3474.0,1448.277219582605,3279.733333333333,3576.5,1499.7097634918005,2710.0,0,0,1,0,0,0,1,0,0,3474
83,0,2015-03-12,-0.433883739117558,-0.9009688679024191,1.0,6.123233995736766e-17,0.9398560579418954,0.3415707691678556,3474.0,4160.0,3218.0,3027.285714285714,3474.0,1389.4802042833344,3265.4333333333334,3530.0,1495.3938169646417,2710.0,0,0,1,0,0,0,1,0,0,3495
83,0,2015-03-13,-0.9749279121818236,-0.2225209339563146,1.0,6.123233995736766e-17,0.9455963874271426,0.3253420847119801,3495.0,4312.0,4003.0,2898.4285714285716,3410.0,1288.6479810435585,3225.4,3484.5,1474.053140856514,2710.0,0,0,1,0,0,0,1,0,0,3410
83,0,2015-03-14,-0.7818314824680299,0.6234898018587334,1.0,6.123233995736766e-17,0.9510565162951535,0.30901699437494745,3410.0,3145.0,3087.0,2941.1428571428573,3444.0,1303.0579967358178,3252.4666666666667,3484.5,1470.2314087932848,2710.0,0,0,1,0,0,0,1,0,0,3444
83,0,2015-03-15,-2.4492935982947064e-16,1.0,1.0,6.123233995736766e-17,0.9562348265919056,0.29260033563334836,3444.0,0.0,0.0,2941.1428571428573,3444.0,1303.0579967358178,3107.3,3459.0,1569.2804226229212,2710.0,0,0,1,0,0,0,1,0,0,0
83,0,2015-03-16,0.7818314824680298,0.6234898018587336,1.0,6.123233995736766e-17,0.9611297838723007,0.27609697309746883,0.0,3588.0,5423.0,3309.4285714285716,3444.0,1789.7671968855705,3207.5333333333333,3484.5,1665.7623445455042,2710.0,1,0,1,0,0,0,1,0,0,6166
83,0,2015-03-17,0.9749279121818236,-0.22252093395631434,1.0,6.123233995736766e-17,0.9657399376548549,0.2595117970697999,6166.0,3177.0,4572.0,3521.4285714285716,3474.0,1858.0545253160974,3362.9,3530.0,1570.9462632658551,2710.0,1,0,1,0,0,0,1,0,0,4661
83,0,2015-03-18,0.43388373911755823,-0.900968867902419,1.0,6.123233995736766e-17,0.970063921851507,0.2428497220959356,4661.0,3474.0,4734.0,3600.714285714286,3495.0,1867.5106170412826,3423.8,3576.5,1559.7637840612126,2710.0,1,0,1,0,0,0,1,0,0,4029
83,0,2015-03-19,-0.433883739117558,-0.9009688679024191,1.0,6.123233995736766e-17,0.9741004551724205,0.22611568550828828,4029.0,3495.0,4160.0,3690.5714285714284,4029.0,1876.6862512722503,3379.1666666666665,3576.5,1517.9978665955014,2710.0,1,0,1,0,0,0,1,0,0,4124
83,0,2015-03-20,-0.9749279121818236,-0.2225209339563146,1.0,6.123233995736766e-17,0.9778483415056568,0.20931464596304847,4124.0,3410.0,4312.0,3789.4285714285716,4102.0,1877.6692872763715,3387.866666666667,3576.5,1521.4799449839927,2710.0,1,0,1,0,0,0,1,0,0,4102
83,0,2015-03-21,-0.7818314824680299,0.6234898018587334,1.0,6.123233995736766e-17,0.9813064702716093,0.19245158197082998,4102.0,3444.0,3145.0,3700.714285714286,4102.0,1911.0827397303458,3348.0,3530.0,1520.0408342972312,2710.0,0,0,1,0,0,0,1,0,0,2823
83,0,2015-03-22,-2.4492935982947064e-16,1.0,1.0,6.123233995736766e-17,0.9844738167520922,0.1755314904214282,2823.0,0.0,0.0,3700.714285714286,4102.0,1911.0827397303458,3220.8,3484.5,1634.856155224627,2710.0,0,0,1,0,0,0,1,0,0,0
83,0,2015-03-23,0.7818314824680298,0.6234898018587336,1.0,6.123233995736766e-17,0.9873494423939864,0.15855938510313478,0.0,6166.0,3588.0,3430.0,4102.0,1614.9309582765484,3237.766666666667,3484.5,1643.2859361097446,2710.0,0,0,1,0,0,0,1,0,0,4271
83,0,2015-03-24,0.9749279121818236,-0.22252093395631434,1.0,6.123233995736766e-17,0.989932495087353,0.141540295217043,4271.0,4661.0,3177.0,3237.8571428571427,4029.0,1521.3598553675013,3348.3,3484.5,1525.2781577865321,2710.0,0,0,1,0,0,0,1,0,0,3316
83,0,2015-03-25,0.43388373911755823,-0.900968867902419,1.0,6.123233995736766e-17,0.9922222094179323,0.12447926388678915,3316.0,4029.0,3474.0,3142.4285714285716,3361.0,1483.9544980830674,3341.5,3459.0,1524.7333910533641,2710.0,0,0,1,0,0,0,1,0,0,3361
83,0,2015-03-26,-0.433883739117558,-0.9009688679024191,1.0,6.123233995736766e-17,0.994217906893952,0.10738134666416309,3361.0,4124.0,3495.0,3070.285714285714,3361.0,1439.9034359157292,3360.366666666667,3484.5,1524.5422259978773,2710.0,0,0,1,0,0,0,1,0,0,3619
83,0,2015-03-27,-0.9749279121818236,-0.2225209339563146,1.0,6.123233995736766e-17,0.995918996147179,0.09025161003104117,3619.0,4102.0,3410.0,3069.5714285714284,3361.0,1439.30745582067,3393.7,3541.5,1529.5094356665772,2710.0,0,0,1,0,0,0,1,0,0,4097
83,0,2015-03-28,-0.7818314824680299,0.6234898018587334,1.0,6.123233995736766e-17,0.9973249731081555,0.07309512989807777,4097.0,2823.0,3444.0,3112.714285714286,3361.0,1435.2050625010309,3390.6,3541.5,1529.9719988422557,2710.0,0,0,1,0,0,0,1,0,0,3125
83,0,2015-03-29,-2.4492935982947064e-16,1.0,1.0,6.123233995736766e-17,0.9984354211555643,0.055916990100603484,3125.0,0.0,0.0,3112.714285714286,3361.0,1435.2050625010309,3257.1666666666665,3484.5,1644.9569344186314,2710.0,0,0,1,0,0,0,1,0,0,0
83,0,2015-03-30,0.7818314824680298,0.6234898018587336,1.0,6.123233995736766e-17,0.9992500112396835,0.03872228089217446,0.0,4271.0,6166.0,3309.1428571428573,3361.0,1691.38517479722,3342.4666666666667,3541.5,1701.2156045996408,2710.0,1,0,1,0,0,0,1,0,0,5646
83,0,2015-03-31,0.9749279121818236,-0.22252093395631434,1.0,6.123233995736766e-17,0.9997685019798909,0.021516097436222254,5646.0,3316.0,4661.0,3496.0,3619.0,1763.0038759647343,3496.6,3603.5,1594.0344953650726,2710.0,1,0,1,0,0,0,1,0,0,4624
83,0,2015-04-01,0.43388373911755823,-0.900968867902419,0.8660254037844387,-0.49999999999999983,0.9999907397361901,0.004303538296244289,4624.0,3361.0,4029.0,3724.714285714286,4097.0,1844.5349652677348,3481.233333333333,3603.5,1576.953953438196,2710.0,1,0,1,0,0,0,1,0,0,4962
83,0,2015-04-02,-0.433883739117558,-0.9009688679024191,0.8660254037844387,-0.49999999999999983,0.9999166586547379,-0.01291029607500882,4962.0,3619.0,4124.0,4037.1428571428573,4624.0,2002.1300680834424,3522.366666666667,3603.5,1621.8416412200643,2710.0,1,0,1,0,0,0,1,0,0,5806
83,0,2015-04-03,-0.9749279121818236,-0.2225209339563146,0.8660254037844387,-0.49999999999999983,0.9995462806873573,-0.030120304846908114,5806.0,4097.0,4102.0,3451.8571428571427,4624.0,2514.8947246734774,3364.5666666666666,3541.5,1726.7941730536222,2710.0,1,0,1,0,0,0,1,0,0,0
83,0,2015-04-04,-0.7818314824680299,0.6234898018587334,0.8660254037844387,-0.49999999999999983,0.9988797155850336,-0.04732138832243185,0.0,3125.0,2823.0,3602.285714285714,4624.0,2523.5629385378743,3365.1666666666665,3541.5,1727.0831915616288,2710.0,0,0,1,0,0,0,1,0,0,4178
83,0,2015-04-05,-2.4492935982947064e-16,1.0,0.8660254037844387,-0.49999999999999983,0.9979171608653922,-0.06450844944931623,4178.0,0.0,0.0,3602.285714285714,4624.0,2523.5629385378743,3221.4333333333334,3484.5,1822.3681955713214,2710.0,0,0,1,0,0,0,1,0,0,0
83,0,2015-04-06,0.7818314824680298,0.6234898018587336,0.8660254037844387,-0.49999999999999983,0.9966589017541702,-0.08167639533042241,0.0,5646.0,4271.0,2795.714285714286,4178.0,2660.0755449351295,3116.6,3484.5,1915.0208353957896,2710.0,0,0,1,0,0,0,1,0,0,0
83,0,2015-04-07,0.9749279121818236,-0.22252093395631434,0.8660254037844387,-0.49999999999999983,0.9951053111006976,-0.09882013873287143,0.0,4624.0,3316.0,2643.4285714285716,3558.0,2566.8439023531687,3235.2,3526.5,1823.330590260389,2710.0,0,0,1,0,0,0,1,0,0,3558
83,0,2015-04-08,0.43388373911755823,-0.900968867902419,0.8660254037844387,-0.49999999999999983,0.9932568492674143,-0.11593459959550041,3558.0,4962.0,3361.0,2430.714285714286,3473.0,2398.8820114298937,3231.366666666667,3484.5,1822.6840663557455,2710.0,0,0,1,0,0,0,1,0,0,3473
83,0,2015-04-09,-0.433883739117558,-0.9009688679024191,0.8660254037844387,-0.49999999999999983,0.9911140639934547,-0.1330147065341959,3473.0,5806.0,3619.0,2067.5714285714284,3264.0,1953.9068433221137,3234.266666666667,3484.5,1822.6637939420193,2710.0,0,0,1,0,0,0,1,0,0,3264
83,0,2015-04-10,-0.9749279121818236,-0.2225209339563146,0.8660254037844387,-0.49999999999999983,0.9886775902323405,-0.1500553983446526,3264.0,0.0,4097.0,2558.4285714285716,3436.0,1770.954154981897,3233.0,3484.0,1822.5046426316126,2710.0,0,0,1,0,0,0,1,0,0,3436
83,0,2015-04-11,-0.7818314824680299,0.6234898018587334,0.8660254037844387,-0.49999999999999983,0.9859481499638304,-0.16705162550211924,3436.0,4178.0,3125.0,2397.1428571428573,3264.0,1645.8649629269423,3218.133333333333,3458.5,1822.1127701452579,2710.0,0,0,1,0,0,0,1,0,0,3049
83,0,2015-04-12,-2.4492935982947064e-16,1.0,0.8660254037844387,-0.49999999999999983,0.9829265519799822,-0.18399835165768005,3049.0,0.0,0.0,2397.1428571428573,3264.0,1645.8649629269423,3104.4666666666667,3458.5,1913.7859162752038,2710.0,0,0,1,0,0,0,1,0,0,0
83,0,2015-04-13,0.7818314824680298,0.6234898018587336,0.8660254037844387,-0.49999999999999983,0.9796136916454901,-0.20089055513063506,0.0,0.0,5646.0,3212.714285714286,3436.0,1674.277726293317,3179.9666666666667,3515.5,1971.451617871761,2710.0,1,0,1,0,0,0,1,0,0,5709
83,0,2015-04-14,0.9749279121818236,-0.22252093395631434,0.8660254037844387,-0.49999999999999983,0.9760105506323683,-0.21772323039653177,5709.0,3558.0,4624.0,3304.714285714286,3436.0,1713.6438480895765,3320.0333333333333,3588.5,1885.1125180601596,2710.0,1,0,1,0,0,0,1,0,0,4202
83,0,2015-04-15,0.43388373911755823,-0.900968867902419,0.8660254037844387,-0.49999999999999983,0.9721181966290613,-0.23449138957040985,4202.0,3473.0,4962.0,3373.1428571428573,3436.0,1730.9598905974553,3246.233333333333,3588.5,1811.7650887412522,2710.0,1,0,1,0,0,0,1,0,0,3952
83,0,2015-04-16,-0.433883739117558,-0.9009688679024191,0.8660254037844387,-0.49999999999999983,0.9679377830240642,-0.25119006388481935,3952.0,3264.0,5806.0,3446.0,3774.0,1736.325142362458,3216.6666666666665,3588.5,1795.0414140517505,2710.0,1,0,1,0,0,0,1,0,0,3774
83,0,2015-04-17,-0.9749279121818236,-0.2225209339563146,0.8660254037844387,-0.49999999999999983,0.9634705485641488,-0.2678143051621742,3774.0,3436.0,0.0,3666.5714285714284,3952.0,1830.3662527067158,3248.366666666667,3588.5,1818.130424427762,2710.0,1,0,1,0,0,0,1,0,0,4980
83,0,2015-04-18,-0.7818314824680299,0.6234898018587334,0.8660254037844387,-0.49999999999999983,0.9587178169872964,-0.2843591872810034,4980.0,3049.0,4178.0,3690.5714285714284,3952.0,1822.0012675757462,3218.133333333333,3515.5,1810.5931345419829,2710.0,0,0,1,0,0,0,1,0,0,3217
83,0,2015-04-19,-2.4492935982947064e-16,1.0,0.8660254037844387,-0.49999999999999983,0.9536809966304457,-0.30081980763566735,3217.0,0.0,0.0,3690.5714285714284,3952.0,1822.0012675757462,3081.4,3454.5,1894.4880047126157,2710.0,0,0,1,0,0,0,1,0,0,0
83,0,2015-04-20,0.7818314824680298,0.6234898018587336,0.8660254037844387,-0.49999999999999983,0.9483615800121715,-0.3171912885891061,0.0,5709.0,0.0,3377.4285714285716,3774.0,1591.0057466000233,3104.5333333333333,3495.0,1895.4608343916345,2710.0,0,0,1,0,0,0,1,0,0,3517
83,0,2015-04-21,0.9749279121818236,-0.22252093395631434,0.8660254037844387,-0.49999999999999983,0.9427611433904207,-0.3334687789181868,3517.0,4202.0,3558.0,3270.1428571428573,3517.0,1550.952334166707,3219.5666666666666,3495.0,1803.0177133662974,2710.0,0,0,1,0,0,0,1,0,0,3451
83,0,2015-04-22,0.43388373911755823,-0.900968867902419,0.8660254037844387,-0.49999999999999983,0.9368813462954315,-0.3496474552512284,3451.0,3952.0,3473.0,3208.4285714285716,3517.0,1527.7193085492834,3194.5333333333333,3495.0,1793.1023151632107,2710.0,0,0,1,0,0,0,1,0,0,3520
83,0,2015-04-23,-0.433883739117558,-0.9009688679024191,0.8660254037844387,-0.49999999999999983,0.9307239310379795,-0.36572252349726897,3520.0,3774.0,3264.0,3083.4285714285716,3451.0,1509.4180840247575,3180.633333333333,3495.0,1793.744407336386,2710.0,0,0,1,0,0,0,1,0,0,2899
83,0,2015-04-24,-0.9749279121818236,-0.2225209339563146,0.8660254037844387,-0.49999999999999983,0.9242907221930934,-0.3816892202666588,2899.0,4980.0,3436.0,2883.285714285714,3451.0,1293.4621131271138,3187.9,3518.5,1794.9414619212866,2710.0,0,0,1,0,0,0,1,0,0,3579
83,0,2015-04-25,-0.7818314824680299,0.6234898018587334,0.8660254037844387,-0.49999999999999983,0.9175836260593937,-0.39754281428255595,3579.0,3217.0,3049.0,2908.4285714285716,3451.0,1302.707674696939,3180.366666666667,3495.0,1793.5434679049058,2710.0,0,0,1,0,0,0,1,0,0,3393
83,0,2015-04-26,-2.4492935982947064e-16,1.0,0.8660254037844387,-0.49999999999999983,0.9106046300942163,-0.4132786077829042,3393.0,0.0,0.0,2908.4285714285716,3451.0,1302.707674696939,3043.8,3462.0,1875.4507393856168,2710.0,0,0,1,0,0,0,1,0,0,0
83,0,2015-04-27,0.7818314824680298,0.6234898018587336,0.8660254037844387,-0.49999999999999983,0.9033558023246845,-0.4288919379124835,0.0,3517.0,5709.0,3151.285714285714,3451.0,1566.7678741372595,3113.5333333333333,3495.0,1917.0062100043885,2710.0,1,0,1,0,0,0,1,0,0,5217
83,0,2015-04-28,0.9749279121818236,-0.22252093395631434,0.8660254037844387,-0.49999999999999983,0.895839290734909,-0.4443781781046132,5217.0,3451.0,4202.0,3354.1428571428573,3520.0,1698.4355967155448,3275.9,3518.5,1849.288611592443,2710.0,1,0,1,0,0,0,1,0,0,4871
83,0,2015-04-29,0.43388373911755823,-0.900968867902419,0.8660254037844387,-0.49999999999999983,0.8880573226294932,-0.45973273945210397,4871.0,3520.0,3952.0,3518.714285714286,3579.0,1771.428492703534,3243.4333333333334,3518.5,1814.4656415506481,2710.0,1,0,1,0,0,0,1,0,0,4672
83,0,2015-04-30,-0.433883739117558,-0.9009688679024191,0.8660254037844387,-0.49999999999999983,0.8800122039735357,-0.47495107206704995,4672.0,2899.0,3774.0,3762.714285714286,4607.0,1789.3817101898383,3242.866666666667,3518.5,1814.0222165946147,2710.0,1,0,1,0,0,0,1,0,0,4607
83,0,2015-05-01,-0.9749279121818236,-0.2225209339563146,0.49999999999999994,-0.8660254037844387,0.8717063187093218,-0.49002866642905923,4607.0,3579.0,4980.0,3251.4285714285716,4607.0,2291.4950619732163,3077.4666666666667,3495.0,1876.990175664278,2710.0,1,0,1,0,0,0,1,0,0,0
83,0,2015-05-02,-0.7818314824680299,0.6234898018587334,0.49999999999999994,-0.8660254037844387,0.8631421280499114,-0.5049610547215204,0.0,3393.0,3217.0,3388.5714285714284,4607.0,2329.7874622050035,3029.0333333333333,3495.0,1822.099858789931,2710.0,0,0,1,0,0,0,1,0,0,4353
83,0,2015-05-03,-2.4492935982947064e-16,1.0,0.49999999999999994,-0.8660254037844387,0.854322169749827,-0.5197438121555155,4353.0,0.0,0.0,3388.5714285714284,4607.0,2329.7874622050035,3029.0333333333333,3495.0,1822.099858789931,2710.0,0,0,1,0,0,0,1,0,0,0
83,0,2015-05-04,0.7818314824680298,0.6234898018587336,0.49999999999999994,-0.8660254037844387,0.8452490573530633,-0.5343725582809787,0.0,5217.0,3517.0,3383.5714285714284,4607.0,2325.242557751979,3062.5,3495.0,1852.8908401514723,2710.0,1,0,1,0,0,0,1,0,0,5182
83,0,2015-05-05,0.9749279121818236,-0.22252093395631434,0.49999999999999994,-0.8660254037844387,0.835925479418637,-0.548842958284719,5182.0,4871.0,3451.0,3309.5714285714284,4353.0,2277.77426867713,3207.6,3518.5,1773.53915796285,2710.0,1,0,1,0,0,0,1,0,0,4353
83,0,2015-05-06,0.43388373911755823,-0.900968867902419,0.49999999999999994,-0.8660254037844387,0.8263541987239096,-0.5631507242749186,4353.0,4672.0,3520.0,3267.8571428571427,4353.0,2251.1833501939577,3353.6,3539.0,1678.0955667167682,2710.0,1,0,1,0,0,0,1,0,0,4380
83,0,2015-05-07,-0.433883739117558,-0.9009688679024191,0.49999999999999994,-0.8660254037844387,0.8165380514459161,-0.5772916165517272,4380.0,4607.0,2899.0,3262.0,4353.0,2247.168218002385,3387.2,3549.5,1692.3601434601333,2710.0,1,0,1,0,0,0,1,0,0,4566
83,0,2015-05-08,-0.9749279121818236,-0.2225209339563146,0.49999999999999994,-0.8660254037844387,0.8064799463209448,-0.5912614448635781,4566.0,0.0,3579.0,3842.714285714286,4353.0,1729.2653270763785,3406.9333333333334,3676.5,1696.8405922190475,2710.0,1,0,1,0,0,0,1,0,0,4065
83,0,2015-05-09,-0.7818314824680299,0.6234898018587334,0.49999999999999994,-0.8660254037844387,0.7961828637826158,-0.6050560696488488,4065.0,4353.0,3393.0,3733.714285714286,4353.0,1715.7339259809225,3417.8,3682.0,1696.9375336480236,2710.0,0,0,1,0,0,0,1,0,0,3590
83,0,2015-05-10,-2.4492935982947064e-16,1.0,0.49999999999999994,-0.8660254037844387,0.7856498550787145,-0.6186714032625031,3590.0,0.0,0.0,3733.714285714286,4353.0,1715.7339259809228,3303.266666666667,3682.0,1807.988040342905,2710.0,0,0,1,0,0,0,1,0,0,0
83,0,2015-05-11,0.7818314824680298,0.6234898018587336,0.49999999999999994,-0.8660254037844387,0.7748840413670407,-0.6321034111873487,0.0,5182.0,5217.0,3605.4285714285716,4284.0,1620.3157981437737,3344.4333333333334,3863.0,1816.0410462346892,2710.0,0,0,1,0,0,0,1,0,0,4284
83,0,2015-05-12,0.9749279121818236,-0.22252093395631434,0.49999999999999994,-0.8660254037844387,0.7638886127905428,-0.6453481132295501,4284.0,4353.0,4871.0,3464.5714285714284,4065.0,1587.0118522076734,3456.6666666666665,3863.0,1702.731402742384,2710.0,0,0,1,0,0,0,1,0,0,3367
83,0,2015-05-13,0.43388373911755823,-0.900968867902419,0.49999999999999994,-0.8660254037844387,0.7526668275320084,-0.6584015846980488,3367.0,4380.0,4672.0,3402.8571428571427,3948.0,1553.5267864412538,3397.9666666666667,3861.0,1652.0057293741588,2710.0,0,0,1,0,0,0,1,0,0,3948
83,0,2015-05-14,-0.433883739117558,-0.9009688679024191,0.49999999999999994,-0.8660254037844387,0.741222010848596,-0.6712599575675313,3948.0,4566.0,4607.0,2750.5714285714284,3590.0,1903.0182918321213,3257.9,3682.0,1756.3256384497297,2710.0,0,0,1,0,0,0,1,0,0,0
83,0,2015-05-15,-0.9749279121818236,-0.2225209339563146,0.49999999999999994,-0.8660254037844387,0.7295575540864875,-0.6839194216246106,0.0,4065.0,0.0,2838.1428571428573,3590.0,1985.8855647268551,3282.1,3682.0,1771.1583264184396,2710.0,0,0,1,0,0,0,1,0,0,4678
83,0,2015-05-16,-0.7818314824680299,0.6234898018587334,0.49999999999999994,-0.8660254037844387,0.717676913675962,-0.6963762255968722,4678.0,3590.0,4353.0,2792.285714285714,3367.0,1969.2670983799862,3265.266666666667,3584.5,1768.7201477112,2710.0,0,0,1,0,0,0,1,0,0,3269
83,0,2015-05-17,-2.4492935982947064e-16,1.0,0.49999999999999994,-0.8660254037844387,0.705583610107178,-0.7086266782644596,3269.0,0.0,0.0,2792.285714285714,3367.0,1969.2670983799862,3099.266666666667,3549.5,1834.7012710583097,2710.0,0,0,1,0,0,0,1,0,0,0
83,0,2015-05-18,0.7818314824680298,0.6234898018587336,0.49999999999999994,-0.8660254037844387,0.6932812268869777,-0.7206671495538609,0.0,4284.0,5182.0,2926.4285714285716,3367.0,2114.445463720368,3166.133333333333,3584.5,1875.2469397541913,2710.0,1,0,1,0,0,0,1,0,0,5223
83,0,2015-05-19,0.9749279121818236,-0.22252093395631434,0.49999999999999994,-0.8660254037844387,0.6807734094770161,-0.7324940716135789,5223.0,3367.0,4353.0,3039.714285714286,3948.0,2162.6772539521303,3304.8,3769.0,1784.6713094456943,2710.0,1,0,1,0,0,0,1,0,0,4160
83,0,2015-05-20,0.43388373911755823,-0.900968867902419,0.49999999999999994,-0.8660254037844387,0.6680638642135335,-0.7441039398713607,4160.0,3948.0,4380.0,3047.5714285714284,4003.0,2166.6233988353797,3321.0,3975.5,1788.8647912515073,2710.0,1,0,1,0,0,0,1,0,0,4003
83,0,2015-05-21,-0.433883739117558,-0.9009688679024191,0.49999999999999994,-0.8660254037844387,0.6551563572090853,-0.7554933140726803,4003.0,0.0,4566.0,3622.4285714285716,4024.0,1708.7050513125319,3340.1,4013.5,1793.3540595093343,2710.0,1,0,1,0,0,0,1,0,0,4024
83,0,2015-05-22,-0.9749279121818236,-0.2225209339563146,0.49999999999999994,-0.8660254037844387,0.6420547132365637,-0.766658819300159,4024.0,4678.0,4065.0,3631.0,4024.0,1715.0214770278171,3380.7,4044.5,1811.2650779934474,2710.0,1,0,1,0,0,0,1,0,0,4738
83,0,2015-05-23,-0.7818314824680299,0.6234898018587334,0.49999999999999994,-0.8660254037844387,0.6287628145958344,-0.777597146973627,4738.0,3269.0,3590.0,3635.1428571428573,4024.0,1714.036019513734,3394.0,4044.5,1809.069602747831,2710.0,0,0,1,0,0,0,1,0,0,3298
83,0,2015-05-24,-2.4492935982947064e-16,1.0,0.49999999999999994,-0.8660254037844387,0.6152845999633276,-0.7883050558305255,3298.0,0.0,0.0,3635.1428571428573,4024.0,1714.036019513734,3274.7,4044.5,1911.5554985764652,2710.0,0,0,1,0,0,0,1,0,0,0
83,0,2015-05-25,0.7818314824680298,0.6234898018587336,0.49999999999999994,-0.8660254037844387,0.6016240632249226,-0.7987793728863649,0.0,5223.0,4284.0,2889.0,4003.0,2017.5639601592209,3161.6,4044.5,2002.5260358202383,2710.0,0,0,1,0,0,0,1,0,0,0
83,0,2015-05-26,0.9749279121818236,-0.22252093395631434,0.49999999999999994,-0.8660254037844387,0.5877852522924732,-0.8090169943749473,0.0,4160.0,3367.0,2928.0,4003.0,2048.626938545268,3309.366666666667,4112.5,1923.1699672645923,2710.0,0,0,1,0,0,0,1,0,0,4433
83,0,2015-05-27,0.43388373911755823,-0.900968867902419,0.49999999999999994,-0.8660254037844387,0.5737722679043246,-0.8190148866680801,4433.0,4003.0,3948.0,2904.4285714285716,3838.0,2035.1011323881778,3263.4,4044.5,1892.233666404826,2710.0,0,0,1,0,0,0,1,0,0,3838
83,0,2015-05-28,-0.433883739117558,-0.9009688679024191,0.49999999999999994,-0.8660254037844387,0.5595892624101765,-0.8287700871745037,3838.0,4024.0,0.0,2860.5714285714284,3717.0,2010.1072821405107,3224.9333333333334,4013.5,1870.0256670437136,2710.0,0,0,1,0,0,0,1,0,0,3717
83,0,2015-05-29,-0.9749279121818236,-0.2225209339563146,0.49999999999999994,-0.8660254037844387,0.545240438540651,-0.8382797052177743,3717.0,4738.0,4678.0,2827.285714285714,3717.0,1975.4678529642702,3219.366666666667,4013.5,1865.8133381031623,2710.0,0,0,1,0,0,0,1,0,0,4505
83,0,2015-05-30,-0.7818314824680299,0.6234898018587334,0.49999999999999994,-0.8660254037844387,0.5307300481619334,-0.8475409228928311,4505.0,3298.0,3269.0,2864.8571428571427,3717.0,1988.3713124541152,3184.5,3975.5,1848.6830307751109,2710.0,0,0,1,0,0,0,1,0,0,3561
83,0,2015-05-31,-2.4492935982947064e-16,1.0,0.49999999999999994,-0.8660254037844387,0.5160623910158528,-0.8565509959010036,3561.0,0.0,0.0,2864.8571428571427,3717.0,1988.3713124541152,3184.5,3975.5,1848.6830307751109,2710.0,0,0,1,0,0,0,1,0,0,0
83,0,2015-06-01,0.7818314824680298,0.6234898018587336,1.2246467991473532e-16,-1.0,0.5012418134457758,-0.865307254363206,0.0,0.0,5223.0,3658.1428571428573,3838.0,1748.1091144978575,3224.5,3975.5,1887.4142090573844,2710.0,1,0,1,0,0,0,1,0,0,5553
83,0,2015-06-02,0.9749279121818236,-0.22252093395631434,1.2246467991473532e-16,-1.0,0.48627270710869,-0.8738071036110808,5553.0,4433.0,4160.0,3713.0,3838.0,1782.1706801912492,3385.0666666666666,4013.5,1806.815123900066,2710.0,1,0,1,0,0,0,1,0,0,4817
83,0,2015-06-03,0.43388373911755823,-0.900968867902419,1.2246467991473532e-16,-1.0,0.4711595076738638,-0.8820480249558537,4817.0,3838.0,4003.0,3874.4285714285716,4505.0,1845.434895188924,3377.9333333333334,4013.5,1799.8853207402076,2710.0,1,0,1,0,0,0,1,0,0,4968
83,0,2015-06-04,-0.433883739117558,-0.9009688679024191,1.2246467991473532e-16,-1.0,0.4559066935084588,-0.8900275764346767,4968.0,3717.0,4024.0,3343.4285714285716,4505.0,2361.0190495591023,3232.8333333333335,3975.5,1891.6885922067208,2710.0,1,0,1,0,0,0,1,0,0,0
83,0,2015-06-05,-0.9749279121818236,-0.2225209339563146,1.2246467991473532e-16,-1.0,0.440518784350495,-0.8977433935342337,0.0,4505.0,4738.0,3446.285714285714,4817.0,2434.5934441083277,3261.0,3975.5,1915.4995927055586,2710.0,1,0,1,0,0,0,1,0,0,5225
83,0,2015-06-06,-0.7818314824680299,0.6234898018587334,1.2246467991473532e-16,-1.0,0.42500033996955416,-0.9051931898913974,5225.0,3561.0,3298.0,3380.285714285714,4817.0,2437.2261360192356,3212.1,3893.0,1899.6960255933477,2710.0,0,0,1,0,0,0,1,0,0,3099
83,0,2015-06-07,-2.4492935982947064e-16,1.0,1.2246467991473532e-16,-1.0,0.4093559588156213,-0.9123747579707273,3099.0,0.0,0.0,3380.285714285714,4817.0,2437.2261360192356,3076.6,3777.5,1980.0369658687903,2710.0,0,0,1,0,0,0,1,0,0,0
83,0,2015-06-08,0.7818314824680298,0.6234898018587336,1.2246467991473532e-16,-1.0,0.39359027665646673,-0.9192859697186104,0.0,5553.0,0.0,3119.1428571428573,3725.0,2256.885717721915,3081.1,3781.5,1981.396935811037,2710.0,0,0,1,0,0,0,1,0,0,3725
83,0,2015-06-09,0.9749279121818236,-0.22252093395631434,1.2246467991473532e-16,-1.0,0.3777079652039649,-0.9259247771938498,3725.0,4817.0,4433.0,2965.1428571428573,3725.0,2156.2579799714367,3205.733333333333,3788.5,1896.6916011531885,2710.0,0,0,1,0,0,0,1,0,0,3739
83,0,2015-06-10,0.43388373911755823,-0.900968867902419,1.2246467991473532e-16,-1.0,0.36171373072976765,-0.9322892131745133,3739.0,4968.0,3838.0,2740.5714285714284,3396.0,1988.2096516835563,3176.133333333333,3732.0,1886.1837906084368,2710.0,0,0,1,0,0,0,1,0,0,3396
83,0,2015-06-11,-0.433883739117558,-0.9009688679024191,1.2246467991473532e-16,-1.0,0.3456123126707335,-0.9383773917408641,3396.0,0.0,3717.0,3224.4285714285716,3396.0,1580.4102692173437,3176.8,3732.0,1886.2571112271944,2710.0,0,0,1,0,0,0,1,0,0,3387
83,0,2015-06-12,-0.9749279121818236,-0.2225209339563146,1.2246467991473532e-16,-1.0,0.3294084822245304,-0.9441875088341993,3387.0,5225.0,4505.0,2985.5714285714284,3396.0,1334.9459236417192,3163.633333333333,3721.0,1882.0622123788457,2710.0,0,0,1,0,0,0,1,0,0,3553
83,0,2015-06-13,-0.7818314824680299,0.6234898018587334,1.2246467991473532e-16,-1.0,0.3131070409358269,-0.9497178427914316,3553.0,3099.0,3561.0,3075.285714285714,3553.0,1364.6118757465777,3287.866666666667,3726.0,1786.6205380903982,2710.0,0,0,1,0,0,0,1,0,0,3727
83,0,2015-06-14,-2.4492935982947064e-16,1.0,1.2246467991473532e-16,-1.0,0.29671281927349075,-0.9549667548552551,3727.0,0.0,0.0,3075.285714285714,3553.0,1364.6118757465777,3131.9333333333334,3721.0,1863.5941901999786,2710.0,0,0,1,0,0,0,1,0,0,0
83,0,2015-06-15,0.7818314824680298,0.6234898018587336,1.2246467991473532e-16,-1.0,0.28023067519921585,-0.9599326896597447,0.0,3725.0,5553.0,3365.285714285714,3553.0,1700.1486909763469,3214.8,3726.0,1924.1854595538882,2710.0,1,0,1,0,0,0,1,0,0,5755
83,0,2015-06-16,0.9749279121818236,-0.22252093395631434,1.2246467991473532e-16,-1.0,0.26366549272800704,-0.9646141756912435,5755.0,3739.0,4817.0,3523.285714285714,3553.0,1789.7009726288306,3376.3,3733.0,1846.8271608542457,2710.0,1,0,1,0,0,0,1,0,0,4845
83,0,2015-06-17,0.43388373911755823,-0.900968867902419,1.2246467991473532e-16,-1.0,0.24702218048093552,-0.9690098257244062,4845.0,3396.0,4968.0,3760.285714285714,3727.0,1877.717649549201,3370.7,3733.0,1841.2808351234994,2710.0,1,0,1,0,0,0,1,0,0,5055
83,0,2015-06-18,-0.433883739117558,-0.9009688679024191,1.2246467991473532e-16,-1.0,0.23030567023061221,-0.9731183372332619,5055.0,3387.0,0.0,3951.285714285714,4724.0,1901.2705150579102,3389.5,3733.0,1852.4630528215546,2710.0,1,0,1,0,0,0,1,0,0,4724
83,0,2015-06-19,-0.9749279121818236,-0.2225209339563146,1.2246467991473532e-16,-1.0,0.21352091543979612,-0.9769384927771817,4724.0,3553.0,5225.0,4057.1428571428573,4724.0,1896.02034347133,3399.2,3733.0,1856.5436629429917,2710.0,1,0,1,0,0,0,1,0,0,4294
83,0,2015-06-20,-0.7818314824680299,0.6234898018587334,1.2246467991473532e-16,-1.0,0.19667288979357647,-0.980469160361632,4294.0,3727.0,3099.0,3905.5714285714284,4724.0,1967.8594849178012,3353.9333333333334,3726.0,1857.3396980689818,2710.0,0,0,1,0,0,0,1,0,0,2666
83,0,2015-06-21,-2.4492935982947064e-16,1.0,1.2246467991473532e-16,-1.0,0.1797665857255624,-0.9837092937736097,2666.0,0.0,0.0,3905.5714285714284,4724.0,1967.859484917801,3196.0,3721.0,1935.392252855679,2710.0,0,0,1,0,0,0,1,0,0,0
83,0,2015-06-22,0.7818314824680298,0.6234898018587336,1.2246467991473532e-16,-1.0,0.16280701293851715,-0.986657932891657,0.0,5755.0,3725.0,3581.285714285714,4294.0,1791.423615850974,3202.233333333333,3721.0,1936.0331231729936,2710.0,0,0,1,0,0,0,1,0,0,3485
83,0,2015-06-23,0.9749279121818236,-0.22252093395631434,1.2246467991473532e-16,-1.0,0.1457991969198751,-0.9893142039703663,3485.0,4845.0,3739.0,3384.714285714286,3485.0,1702.955442193145,3317.866666666667,3721.0,1839.3611847095392,2710.0,0,0,1,0,0,0,1,0,0,3469
83,0,2015-06-24,0.43388373911755823,-0.900968867902419,1.2246467991473532e-16,-1.0,0.12874817745258132,-0.99167731989929,3469.0,5055.0,3396.0,3208.8571428571427,3485.0,1559.2188673148141,3445.3333333333335,3726.0,1730.803447741144,2710.0,0,0,1,0,0,0,1,0,0,3824
83,0,2015-06-25,-0.433883739117558,-0.9009688679024191,1.2246467991473532e-16,-1.0,0.11165900712169512,-0.993746580436178,3824.0,4724.0,3387.0,2987.285714285714,3469.0,1411.202290517531,3403.3333333333335,3721.0,1721.2715495024092,2710.0,0,0,1,0,0,0,1,0,0,3173
83,0,2015-06-26,-0.9749279121818236,-0.2225209339563146,1.2246467991473532e-16,-1.0,0.09453674981719912,-0.9955213724144752,3173.0,4294.0,3553.0,2958.4285714285716,3469.0,1381.7871106098944,3411.8,3721.0,1724.1056932158474,2710.0,0,0,1,0,0,0,1,0,0,4092
83,0,2015-06-27,-0.7818314824680299,0.6234898018587334,1.2246467991473532e-16,-1.0,0.07738647923346301,-0.9970011699250151,4092.0,2666.0,3727.0,3122.5714285714284,3485.0,1409.2322800190311,3415.0666666666666,3726.0,1724.7965983695335,2710.0,0,0,1,0,0,0,1,0,0,3815
83,0,2015-06-28,-2.4492935982947064e-16,1.0,1.2246467991473532e-16,-1.0,0.06021327736579302,-0.9981855344718586,3815.0,0.0,0.0,3122.5714285714284,3485.0,1409.2322800190311,3264.9,3643.0,1820.10799887979,2710.0,0,0,1,0,0,0,1,0,0,0
83,0,2015-06-29,0.7818314824680298,0.6234898018587336,1.2246467991473532e-16,-1.0,0.04302223300453059,-0.99907411510223,0.0,3485.0,5755.0,3350.4285714285716,3815.0,1594.3835650121853,3315.5333333333333,3726.0,1849.5199886742869,2710.0,1,0,1,0,0,0,1,0,0,5080
83,0,2015-06-30,0.9749279121818236,-0.22252093395631434,1.2246467991473532e-16,-1.0,0.02581844022713308,-0.9996666485105112,5080.0,3469.0,4845.0,3611.5714285714284,3824.0,1758.3167004404029,3492.1,3733.0,1773.3581692798866,2710.0,1,0,1,0,0,0,1,0,0,5297
83,0,2015-07-01,0.43388373911755823,-0.900968867902419,-0.4999999999999998,-0.8660254037844388,0.008606996888688698,-0.9999629591162655,5297.0,3824.0,5055.0,3736.4285714285716,4092.0,1806.2918606123123,3463.6,3733.0,1745.7504581322478,2710.0,1,0,1,0,0,0,1,0,0,4698
83,0,2015-07-02,-0.433883739117558,-0.9009688679024191,-0.4999999999999998,-0.8660254037844388,-0.008606996888688009,-0.9999629591162655,4698.0,3173.0,4724.0,3890.714285714286,4253.0,1796.2417909147339,3444.8,3733.0,1733.6681542225733,2710.0,1,0,1,0,0,0,1,0,0,4253
83,0,2015-07-03,-0.9749279121818236,-0.2225209339563146,-0.4999999999999998,-0.8660254037844388,-0.02581844022713239,-0.9996666485105112,4253.0,4092.0,4294.0,3953.714285714286,4533.0,1812.1414325125315,3430.3,3733.0,1722.27081754453,2710.0,1,0,1,0,0,0,1,0,0,4533
83,0,2015-07-04,-0.7818314824680299,0.6234898018587334,-0.4999999999999998,-0.8660254037844388,-0.04302223300453034,-0.99907411510223,4533.0,3815.0,2666.0,3902.285714285714,4533.0,1821.8168325681293,3545.4666666666667,3733.0,1595.8571090933128,2710.0,0,0,1,0,0,0,1,0,0,3455
83,0,2015-07-05,-2.4492935982947064e-16,1.0,-0.4999999999999998,-0.8660254037844388,-0.060213277365792774,-0.9981855344718586,3455.0,0.0,0.0,3902.285714285714,4533.0,1821.816832568129,3371.3,3726.0,1688.6591120032815,2710.0,0,0,1,0,0,0,1,0,0,0
83,0,2015-07-06,0.7818314824680298,0.6234898018587336,-0.4999999999999998,-0.8660254037844388,-0.07738647923346322,-0.9970011699250151,0.0,5080.0,3485.0,3707.1428571428573,4253.0,1746.2328432534837,3391.8,3726.0,1688.9724156094564,2710.0,0,0,1,0,0,0,1,0,0,3714
83,0,2015-07-07,0.9749279121818236,-0.22252093395631434,-0.4999999999999998,-0.8660254037844388,-0.09453674981719933,-0.9955213724144752,3714.0,5297.0,3469.0,3399.1428571428573,3714.0,1603.3713885197712,3496.5,3726.0,1564.2111320142267,2710.0,0,0,1,0,0,0,1,0,0,3141
83,0,2015-07-08,0.43388373911755823,-0.900968867902419,-0.4999999999999998,-0.8660254037844388,-0.11165900712169444,-0.9937465804361781,3141.0,4698.0,3824.0,3169.0,3455.0,1498.023253046054,3475.233333333333,3720.5,1565.3340214952723,2710.0,0,0,1,0,0,0,1,0,0,3087
83,0,2015-07-09,-0.433883739117558,-0.9009688679024191,-0.4999999999999998,-0.8660254037844388,-0.12874817745258066,-0.99167731989929,3087.0,4253.0,3173.0,2973.1428571428573,3141.0,1420.2837074063154,3446.6666666666665,3633.5,1568.171773959621,2710.0,0,0,1,0,0,0,1,0,0,2882
83,0,2015-07-10,-0.9749279121818236,-0.2225209339563146,-0.4999999999999998,-0.8660254037844388,-0.14579919691987442,-0.9893142039703664,2882.0,4533.0,4092.0,2838.285714285714,3141.0,1285.9533058248758,3453.1,3651.5,1568.3526246263627,2710.0,0,0,1,0,0,0,1,0,0,3589
83,0,2015-07-11,-0.7818314824680299,0.6234898018587334,-0.4999999999999998,-0.8660254037844388,-0.16280701293851646,-0.9866579328916572,3589.0,3455.0,3815.0,2697.1428571428573,3087.0,1260.960140603382,3422.4333333333334,3651.5,1578.6504424793402,2710.0,0,0,1,0,0,0,1,0,0,2467
83,0,2015-07-12,-2.4492935982947064e-16,1.0,-0.4999999999999998,-0.8660254037844388,-0.17976658572556214,-0.9837092937736098,2467.0,0.0,0.0,2697.1428571428573,3087.0,1260.960140603382,3304.0,3651.5,1697.3324710384131,2710.0,0,0,1,0,0,0,1,0,0,0
83,0,2015-07-13,0.7818314824680298,0.6234898018587336,-0.4999999999999998,-0.8660254037844388,-0.19667288979357622,-0.9804691603616321,0.0,3714.0,5080.0,2846.285714285714,3087.0,1448.9968615431596,3338.366666666667,3651.5,1716.521572598314,2710.0,1,0,1,0,0,0,1,0,0,4758
83,0,2015-07-14,0.9749279121818236,-0.22252093395631434,-0.4999999999999998,-0.8660254037844388,-0.2135209154397959,-0.9769384927771817,4758.0,3141.0,5297.0,3023.285714285714,3087.0,1562.2457888443555,3484.366666666667,3764.5,1605.462345767769,2710.0,1,0,1,0,0,0,1,0,0,4380
83,0,2015-07-15,0.43388373911755823,-0.900968867902419,-0.4999999999999998,-0.8660254037844388,-0.23030567023061196,-0.973118337233262,4380.0,3087.0,4698.0,3149.5714285714284,3589.0,1603.440972527822,3424.9,3764.5,1550.5585056070381,2710.0,1,0,1,0,0,0,1,0,0,3971
83,0,2015-07-16,-0.433883739117558,-0.9009688679024191,-0.4999999999999998,-0.8660254037844388,-0.24702218048093527,-0.9690098257244063,3971.0,2882.0,4253.0,3284.5714285714284,3827.0,1616.8837164066454,3390.9666666666667,3764.5,1529.4034781085602,2710.0,1,0,1,0,0,0,1,0,0,3827
83,0,2015-07-17,-0.9749279121818236,-0.2225209339563146,-0.4999999999999998,-0.8660254037844388,-0.2636654927280072,-0.9646141756912435,3827.0,3589.0,4533.0,3303.0,3827.0,1621.65984924912,3346.4,3716.0,1498.4075823215148,2710.0,1,0,1,0,0,0,1,0,0,3718
83,0,2015-07-18,-0.7818314824680299,0.6234898018587334,-0.4999999999999998,-0.8660254037844388,-0.2802306751992161,-0.9599326896597445,3718.0,2467.0,3455.0,3370.4285714285716,3827.0,1590.6213520867548,3286.9,3651.5,1477.1071296333857,2710.0,0,0,1,0,0,0,1,0,0,2939
83,0,2015-07-19,-2.4492935982947064e-16,1.0,-0.4999999999999998,-0.8660254037844388,-0.2967128192734901,-0.9549667548552553,2939.0,0.0,0.0,3370.4285714285716,3827.0,1590.6213520867548,3143.766666666667,3537.0,1580.575684806737,2710.0,0,0,1,0,0,0,1,0,0,0
83,0,2015-07-20,0.7818314824680298,0.6234898018587336,-0.4999999999999998,-0.8660254037844388,-0.3131070409358267,-0.9497178427914317,0.0,4758.0,3714.0,3255.4285714285716,3827.0,1500.1065358992448,3186.6666666666665,3651.5,1584.6216851531024,2710.0,0,0,1,0,0,0,1,0,0,3953
83,0,2015-07-21,0.9749279121818236,-0.22252093395631434,-0.4999999999999998,-0.8660254037844388,-0.3294084822245302,-0.9441875088341994,3953.0,4380.0,3141.0,3008.285714285714,3718.0,1424.5609515783883,3275.0,3651.5,1470.6183780277906,2710.0,0,0,1,0,0,0,1,0,0,2650
83,0,2015-07-22,0.43388373911755823,-0.900968867902419,-0.4999999999999998,-0.8660254037844388,-0.3456123126707333,-0.9383773917408642,2650.0,3971.0,3087.0,2782.0,2939.0,1370.9476041531846,3238.4,3651.5,1478.8519685308509,2710.0,0,0,1,0,0,0,1,0,0,2387
83,0,2015-07-23,-0.433883739117558,-0.9009688679024191,-0.4999999999999998,-0.8660254037844388,-0.3617137307297674,-0.9322892131745134,2387.0,3827.0,2882.0,2622.4285714285716,2710.0,1291.7624726374088,3213.1,3651.5,1481.2613299435698,2710.0,0,0,1,0,0,0,1,0,0,2710
83,0,2015-07-24,-0.9749279121818236,-0.2225209339563146,-0.4999999999999998,-0.8660254037844388,-0.37770796520396466,-0.9259247771938499,2710.0,3718.0,3589.0,2547.1428571428573,2710.0,1231.206918511468,3192.0,3522.0,1476.760807564518,2710.0,0,0,1,0,0,0,1,0,0,3191
83,0,2015-07-25,-0.7818314824680299,0.6234898018587334,-0.4999999999999998,-0.8660254037844388,-0.39359027665646645,-0.9192859697186105,3191.0,2939.0,2467.0,2456.285714285714,2650.0,1220.8938957837145,3163.0,3522.0,1485.6623044146363,2710.0,0,0,1,0,0,0,1,0,0,2303
83,0,2015-07-26,-2.4492935982947064e-16,1.0,-0.4999999999999998,-0.8660254037844388,-0.4093559588156211,-0.9123747579707274,2303.0,0.0,0.0,2456.285714285714,2650.0,1220.8938957837145,3026.6,3323.0,1582.1412945315774,2710.0,0,0,1,0,0,0,1,0,0,0
83,0,2015-07-27,0.7818314824680298,0.6234898018587336,-0.4999999999999998,-0.8660254037844388,-0.42500033996955394,-0.9051931898913975,0.0,3953.0,4758.0,2639.714285714286,2650.0,1538.4075873324114,3074.0,3323.0,1627.2342942169846,2710.0,1,0,1,0,0,0,1,0,0,5237
83,0,2015-07-28,0.9749279121818236,-0.22252093395631434,-0.4999999999999998,-0.8660254037844388,-0.4405187843504952,-0.8977433935342336,5237.0,2650.0,4380.0,2799.8571428571427,2710.0,1596.8911910930244,3199.7,3522.0,1523.9600218758521,2710.0,1,0,1,0,0,0,1,0,0,3771
83,0,2015-07-29,0.43388373911755823,-0.900968867902419,-0.4999999999999998,-0.8660254037844388,-0.455906693508459,-0.8900275764346766,3771.0,2387.0,3971.0,3019.1428571428573,3191.0,1635.6710578609095,3161.1,3522.0,1488.9554392257633,2710.0,1,0,1,0,0,0,1,0,0,3922
83,0,2015-07-30,-0.433883739117558,-0.9009688679024191,-0.4999999999999998,-0.8660254037844388,-0.47115950767386394,-0.8820480249558535,3922.0,2710.0,3827.0,3117.8571428571427,3401.0,1634.755479021401,3097.9,3428.0,1434.4086454246403,2710.0,1,0,1,0,0,0,1,0,0,3401
83,0,2015-07-31,-0.9749279121818236,-0.2225209339563146,-0.4999999999999998,-0.8660254037844388,-0.4862727071086902,-0.8738071036110807,3401.0,3191.0,3718.0,3214.285714285714,3771.0,1659.5095374121588,3070.1666666666665,3428.0,1410.2445394042575,2710.0,1,0,1,0,0,0,1,0,0,3866
